[
  {
    _id: 0,
    front: [
      { _id: 0, map: '187,122,192,126,197,128,200,128,200,150,194,146,187,144' },
      { _id: 0, map: '215,122,210,126,205,128,202,128,202,150,208,146,215,144' },
      { _id: 1, map: '161,140,168,140,173,142,177,145,187,144,187,128,181,134,173,136' },
      { _id: 1, map: '241,140,234,140,229,142,225,145,215,144,215,128,221,134,229,136' },
      { _id: 2, map: '136,157,141,151,147,145,152,142,157,140,162,140,168,140,173,142,177,145,168,149,162,153,157,158,155,161,153,167,146,166,130,167,131,163' },
      { _id: 2, map: '266,157,261,151,255,145,250,142,245,140,240,140,234,140,229,142,225,145,234,149,240,153,245,158,247,161,249,167,256,166,272,167,271,163' },
      { _id: 3, map: '119,177,108,185,100,188,101,193,101,198,106,197,115,193,127,187,137,181,145,174,153,167,146,166,131,167' },
      { _id: 3, map: '283,177,294,185,302,188,301,193,301,198,296,197,287,193,275,187,265,181,257,174,249,167,256,166,271,167' },
      { _id: 4, map: '100,188,100,185,108,182,114,177,120,172,130,165,131,167,119,177,108,185' },
      { _id: 4, map: '302,188,302,185,294,182,288,177,282,172,272,165,271,167,283,177,294,185' },
      { _id: 4, map: '112,198,101,198,109,196,118,192,129,186,135,182,153,167,154,171,148,174,139,183,129,190,119,194' },
      { _id: 4, map: '290,198,301,198,293,196,284,192,273,186,267,182,249,167,248,171,254,174,263,183,273,190,283,194' },
      { _id: 5, map: '57,218,63,213,73,204,81,197,90,190,100,186,101,193,101,198,112,198,107,205,102,209,90,215,79,219,70,224,61,230,57,234,50,224' },
      { _id: 5, map: '345,218,339,213,329,204,321,197,312,190,302,186,301,193,301,198,290,198,295,205,300,209,312,215,323,219,332,224,341,230,345,234,352,224' },
      { _id: 6, map: '155,162,162,170,167,178,170,183,175,185,181,186,187,186,200,181,200,150,194,146,187,144,177,145,168,149,162,153,156,159' },
      { _id: 6, map: '247,162,240,170,235,178,232,183,227,185,221,186,215,186,202,181,202,150,208,146,215,144,225,145,234,149,240,153,246,159' },
      { _id: 7, map: '159,166,164,173,168,180,170,183,175,185,173,193,174,199,178,203,177,207,177,209,182,215,176,222,176,227,181,235,179,237,178,240,178,245,179,256,181,264,177,262,172,260,166,258,166,254,168,248,170,240,172,229,170,219,167,210,164,201,164,195,161,190,159,184' },
      { _id: 7, map: '243,166,238,173,234,180,232,183,227,185,229,193,228,199,224,203,225,207,225,209,220,215,226,222,226,227,221,235,223,237,224,240,224,245,223,256,221,264,225,262,230,260,236,258,236,254,234,248,232,240,230,229,232,219,235,210,238,201,238,195,241,190,243,184' },
      { _id: 8, map: '173,192,173,196,174,199,178,203,177,205,177,209,182,215,176,222,176,227,181,235,178,238,178,245,179,255,181,264,190,272,200,274,200,181,197,182,192,184,186,186,180,186,175,185' },
      { _id: 8, map: '229,192,229,196,228,199,224,203,225,205,225,209,220,215,226,222,226,227,221,235,224,238,224,245,223,255,221,264,212,272,202,274,202,181,205,182,210,184,216,186,222,186,227,185' },
      { _id: 10, map: '155,161,159,167,159,184,156,172,154,171,153,166' },
      { _id: 10, map: '247,161,243,167,243,184,246,172,248,171,249,166' },
      { _id: 13, map: '153,337,156,357,155,371,158,372,159,366,161,356,163,354,164,361,164,366,166,373,169,377,172,379,177,376,179,364,180,355,181,348,183,338,185,328,187,320,189,310,193,303,196,300,194,297,190,288,184,280,178,272,174,268,170,265,167,264,165,265,163,275,161,279,161,287,159,293,157,302,155,313,153,322,153,328' },
      { _id: 13, map: '249,337,246,357,247,371,244,372,243,366,241,356,239,354,238,361,238,366,236,373,233,377,230,379,225,376,223,364,222,355,221,348,219,338,217,328,215,320,213,310,209,303,206,300,208,297,212,288,218,280,224,272,228,268,232,265,235,264,237,265,239,275,241,279,241,287,243,293,245,302,247,313,249,322,249,328' },
      { _id: 14, map: '153,396,149,405,147,414,146,425,146,432,146,438,148,448,151,458,154,464,153,457,152,452,151,446,149,435,149,427,149,418,151,408,154,399' },
      { _id: 14, map: '249,396,253,405,255,414,256,425,256,432,256,438,254,448,251,458,248,464,249,457,250,452,251,446,253,435,253,427,253,418,251,408,248,399' },
      { _id: 15, map: '175,399,169,408,166,416,164,425,162,438,161,451,162,462,166,450,170,442,173,433,174,417' },
      { _id: 15, map: '227,399,233,408,236,416,238,425,240,438,241,451,240,462,236,450,232,442,229,433,228,417' },
    ]
  },
  {
    _id: 1,
    front: [
      { _id: 0, map: '187,122,192,126,197,128,200,128,200,150,194,146,187,144' },
      { _id: 0, map: '215,122,210,126,205,128,202,128,202,150,208,146,215,144' },
      { _id: 1, map: '162,139,168,140,173,142,177,145,187,144,187,127,180,134,172,136' },
      { _id: 1, map: '240,139,234,140,229,142,225,145,215,144,215,127,222,134,230,136' },
      { _id: 2, map: '136,157,141,151,147,145,152,142,157,140,163,139,168,140,173,142,177,145,168,149,162,154,158,158,155,162,153,167,146,166,130,167,131,163' },
      { _id: 2, map: '266,157,261,151,255,145,250,142,245,140,239,139,234,140,229,142,225,145,234,149,240,154,244,158,247,162,249,167,256,166,272,167,271,163' },
      { _id: 3, map: '119,177,107,185,100,188,101,193,101,198,106,197,114,194,127,188,137,181,145,174,153,167,146,166,131,167' },
      { _id: 3, map: '283,177,295,185,302,188,301,193,301,198,296,197,288,194,275,188,265,181,257,174,249,167,256,166,271,167' },
      { _id: 4, map: '100,188,100,185,108,182,114,177,120,172,130,165,131,167,119,177,107,185' },
      { _id: 4, map: '302,188,302,185,294,182,288,177,282,172,272,165,271,167,283,177,295,185' },
      { _id: 4, map: '112,198,101,198,109,196,119,192,130,186,136,182,153,167,154,171,148,175,140,183,129,190,120,194' },
      { _id: 4, map: '290,198,301,198,293,196,283,192,272,186,266,182,249,167,248,171,254,175,262,183,273,190,282,194' },
      { _id: 5, map: '57,218,64,212,73,203,81,196,91,189,100,185,101,193,101,198,112,198,107,205,102,209,90,215,79,219,70,223,61,229,56,233,50,224' },
      { _id: 5, map: '345,218,338,212,329,203,321,196,311,189,302,185,301,193,301,198,290,198,295,205,300,209,312,215,323,219,332,223,341,229,346,233,352,224' },
      { _id: 6, map: '155,162,161,170,166,178,169,183,175,185,181,186,187,186,200,181,200,150,194,146,187,144,177,145,168,149,163,153,157,159' },
      { _id: 6, map: '247,162,241,170,236,178,233,183,227,185,221,186,215,186,202,181,202,150,208,146,215,144,225,145,234,149,239,153,245,159' },
      { _id: 7, map: '159,167,164,174,167,180,171,184,175,185,173,193,174,199,178,203,177,207,177,209,182,215,176,222,176,227,181,235,179,237,178,240,178,245,178,255,180,265,175,261,170,259,166,257,166,254,168,248,169,242,171,229,170,219,167,210,164,202,164,195,161,192,159,186' },
      { _id: 7, map: '243,167,238,174,235,180,231,184,227,185,229,193,228,199,224,203,225,207,225,209,220,215,226,222,226,227,221,235,223,237,224,240,224,245,224,255,222,265,227,261,232,259,236,257,236,254,234,248,233,242,231,229,232,219,235,210,238,202,238,195,241,192,243,186' },
      { _id: 8, map: '173,192,173,196,174,199,178,203,177,205,177,209,182,215,176,222,176,227,181,235,178,238,178,245,178,256,180,265,189,271,200,273,200,181,197,182,192,184,186,186,180,186,175,185' },
      { _id: 8, map: '229,192,229,196,228,199,224,203,225,205,225,209,220,215,226,222,226,227,221,235,224,238,224,245,224,256,222,265,213,271,202,273,202,181,205,182,210,184,216,186,222,186,227,185' },
      { _id: 10, map: '155,162,159,168,159,187,155,172,154,171,153,166' },
      { _id: 10, map: '247,162,243,168,243,187,247,172,248,171,249,166' },
      { _id: 13, map: '152,331,156,362,155,371,158,372,159,366,160,356,163,354,164,361,164,366,166,373,169,377,172,379,177,376,179,364,181,353,182,346,184,339,186,330,187,322,189,312,192,304,197,301,194,297,190,288,184,280,178,272,174,268,170,265,167,263,165,264,163,273,161,279,159,291,157,299,155,308,153,319,152,328' },
      { _id: 13, map: '250,331,246,362,247,371,244,372,243,366,242,356,239,354,238,361,238,366,236,373,233,377,230,379,225,376,223,364,221,353,220,346,218,339,216,330,215,322,213,312,210,304,205,301,208,297,212,288,218,280,224,272,228,268,232,265,235,263,237,264,239,273,241,279,243,291,245,299,247,308,249,319,250,328' },
      { _id: 14, map: '153,396,148,408,146,417,145,425,145,428,146,438,148,448,151,458,154,464,153,457,152,452,151,445,150,436,149,427,149,418,151,408,154,399' },
      { _id: 14, map: '249,396,254,408,256,417,257,425,257,428,256,438,254,448,251,458,248,464,249,457,250,452,251,445,252,436,253,427,253,418,251,408,248,399' },
      { _id: 15, map: '175,399,169,408,166,416,164,425,162,438,161,451,162,462,166,450,170,442,173,433,174,417' },
      { _id: 15, map: '227,399,233,408,236,416,238,425,240,438,241,451,240,462,236,450,232,442,229,433,228,417' },
    ]
  },
  {
    _id: 2,
    front: [
      { _id: 0, map: '186,121,190,124,195,127,200,128,200,150,194,146,186,144' },
      { _id: 0, map: '216,121,212,124,207,127,202,128,202,150,208,146,216,144' },
      { _id: 1, map: '162,139,168,140,172,142,176,145,186,144,186,129,179,134,171,136' },
      { _id: 1, map: '240,139,234,140,230,142,226,145,216,144,216,129,223,134,231,136' },
      { _id: 2, map: '136,157,141,151,147,145,152,142,157,140,163,139,168,140,172,142,176,145,168,149,162,154,158,158,155,162,152,168,145,166,130,166,131,163' },
      { _id: 2, map: '266,157,261,151,255,145,250,142,245,140,239,139,234,140,230,142,226,145,234,149,240,154,244,158,247,162,250,168,257,166,272,166,271,163' },
      { _id: 3, map: '117,178,107,185,100,188,101,193,101,198,106,197,114,194,127,188,138,181,146,174,152,168,146,166,130,166' },
      { _id: 3, map: '285,178,295,185,302,188,301,193,301,198,296,197,288,194,275,188,264,181,256,174,250,168,256,166,272,166' },
      { _id: 4, map: '100,188,100,185,108,182,114,177,120,172,131,164,130,166,116,179,107,185' },
      { _id: 4, map: '302,188,302,185,294,182,288,177,282,172,271,164,272,166,286,179,295,185' },
      { _id: 4, map: '112,198,101,198,109,196,119,192,130,186,138,181,153,167,153,172,146,177,140,183,130,190,120,194' },
      { _id: 4, map: '290,198,301,198,293,196,283,192,272,186,264,181,249,167,249,172,256,177,262,183,272,190,282,194' },
      { _id: 5, map: '57,218,66,209,73,203,81,196,89,190,100,185,101,193,101,198,112,198,108,205,102,209,91,215,79,219,70,223,61,229,56,233,50,224' },
      { _id: 5, map: '345,218,336,209,329,203,321,196,313,190,302,185,301,193,301,198,290,198,294,205,300,209,311,215,323,219,332,223,341,229,346,233,352,224' },
      { _id: 6, map: '155,162,161,171,165,178,168,183,175,187,181,187,189,186,200,181,200,150,194,146,186,144,176,145,169,148,163,153,157,159' },
      { _id: 6, map: '247,162,241,171,237,178,234,183,227,187,221,187,213,186,202,181,202,150,208,146,216,144,226,145,233,148,239,153,245,159' },
      { _id: 7, map: '159,168,163,174,166,180,170,184,175,187,173,193,174,199,178,203,177,207,177,209,182,215,176,222,176,227,179,234,177,236,176,240,177,250,178,257,180,264,175,261,171,259,166,257,166,254,168,246,169,241,171,229,170,220,167,211,164,202,164,197,161,192,159,186' },
      { _id: 7, map: '243,168,239,174,236,180,232,184,227,187,229,193,228,199,224,203,225,207,225,209,220,215,226,222,226,227,223,234,225,236,226,240,225,250,224,257,222,264,227,261,231,259,236,257,236,254,234,246,233,241,231,229,232,220,235,211,238,202,238,197,241,192,243,186' },
      { _id: 8, map: '173,192,173,196,174,199,178,203,177,205,177,209,182,215,176,222,176,227,179,234,176,238,176,241,177,253,180,264,190,271,200,273,200,181,196,183,191,185,186,186,181,187,175,187' },
      { _id: 8, map: '229,192,229,196,228,199,224,203,225,205,225,209,220,215,226,222,226,227,223,234,226,238,226,241,225,253,222,264,212,271,202,273,202,181,206,183,211,185,216,186,221,187,227,187' },
      { _id: 10, map: '155,162,159,168,159,187,155,172,153,172,153,166' },
      { _id: 10, map: '247,162,243,168,243,187,247,172,249,172,249,166' },
      { _id: 13, map: '152,331,156,362,155,371,158,372,159,366,160,356,163,354,164,361,164,366,166,373,169,377,172,379,177,376,179,364,181,353,182,346,184,339,186,330,188,321,190,312,193,304,197,301,194,297,190,288,187,283,184,279,179,272,173,267,168,264,165,265,164,268,163,273,161,279,159,291,157,299,155,308,153,319,152,328' },
      { _id: 13, map: '250,331,246,362,247,371,244,372,243,366,242,356,239,354,238,361,238,366,236,373,233,377,230,379,225,376,223,364,221,353,220,346,218,339,216,330,214,321,212,312,209,304,205,301,208,297,212,288,215,283,218,279,223,272,229,267,234,264,237,265,238,268,239,273,241,279,243,291,245,299,247,308,249,319,250,328' },
      { _id: 14, map: '152,397,148,406,146,416,145,424,145,429,146,438,148,448,151,458,154,464,153,457,152,452,151,445,150,436,149,427,149,418,151,406,153,399' },
      { _id: 14, map: '250,397,254,406,256,416,257,424,257,429,256,438,254,448,251,458,248,464,249,457,250,452,251,445,252,436,253,427,253,418,251,406,249,399' },
      { _id: 15, map: '174,399,169,408,166,416,164,425,162,438,161,451,162,462,166,450,170,442,173,433,174,417' },
      { _id: 15, map: '228,399,233,408,236,416,238,425,240,438,241,451,240,462,236,450,232,442,229,433,228,417' },
    ]
  },
]
