[
  {
    _id: 0,
    front: [
      { _id: 0, map: '187,122,192,126,197,128,200,128,200,150,194,146,187,144' },
      { _id: 0, map: '215,122,210,126,205,128,202,128,202,150,208,146,215,144' },
      { _id: 1, map: '161,140,168,140,173,142,177,145,187,144,187,128,181,134,173,136' },
      { _id: 1, map: '241,140,234,140,229,142,225,145,215,144,215,128,221,134,229,136' },
      { _id: 2, map: '136,157,141,151,147,145,152,142,157,140,162,140,168,140,173,142,177,145,168,149,162,153,157,158,155,161,153,167,146,166,130,167,131,163' },
      { _id: 2, map: '266,157,261,151,255,145,250,142,245,140,240,140,234,140,229,142,225,145,234,149,240,153,245,158,247,161,249,167,256,166,272,167,271,163' },
      { _id: 3, map: '119,177,108,185,100,188,101,193,101,198,106,197,115,193,127,187,137,181,145,174,153,167,146,166,131,167' },
      { _id: 3, map: '283,177,294,185,302,188,301,193,301,198,296,197,287,193,275,187,265,181,257,174,249,167,256,166,271,167' },
      { _id: 4, map: '100,188,100,185,108,182,114,177,120,172,130,165,131,167,119,177,108,185' },
      { _id: 4, map: '302,188,302,185,294,182,288,177,282,172,272,165,271,167,283,177,294,185' },
      { _id: 4, map: '112,198,101,198,109,196,118,192,129,186,135,182,153,167,154,171,148,174,139,183,129,190,119,194' },
      { _id: 4, map: '290,198,301,198,293,196,284,192,273,186,267,182,249,167,248,171,254,174,263,183,273,190,283,194' },
      { _id: 5, map: '57,218,63,213,73,204,81,197,90,190,100,186,101,193,101,198,112,198,107,205,102,209,90,215,79,219,70,224,61,230,57,234,50,224' },
      { _id: 5, map: '345,218,339,213,329,204,321,197,312,190,302,186,301,193,301,198,290,198,295,205,300,209,312,215,323,219,332,224,341,230,345,234,352,224' },
      { _id: 6, map: '155,162,162,170,167,178,170,183,175,185,181,186,187,186,200,181,200,150,194,146,187,144,177,145,168,149,162,153,156,159' },
      { _id: 6, map: '247,162,240,170,235,178,232,183,227,185,221,186,215,186,202,181,202,150,208,146,215,144,225,145,234,149,240,153,246,159' },
      { _id: 7, map: '159,166,164,173,168,180,170,183,175,185,173,193,174,199,178,203,177,207,177,209,182,215,176,222,176,227,181,235,179,237,178,240,178,245,179,256,181,264,177,262,172,260,166,258,166,254,168,248,170,240,172,229,170,219,167,210,164,201,164,195,161,190,159,184' },
      { _id: 7, map: '243,166,238,173,234,180,232,183,227,185,229,193,228,199,224,203,225,207,225,209,220,215,226,222,226,227,221,235,223,237,224,240,224,245,223,256,221,264,225,262,230,260,236,258,236,254,234,248,232,240,230,229,232,219,235,210,238,201,238,195,241,190,243,184' },
      { _id: 8, map: '173,192,173,196,174,199,178,203,177,205,177,209,182,215,176,222,176,227,181,235,178,238,178,245,179,255,181,264,190,272,200,274,200,181,197,182,192,184,186,186,180,186,175,185' },
      { _id: 8, map: '229,192,229,196,228,199,224,203,225,205,225,209,220,215,226,222,226,227,221,235,224,238,224,245,223,255,221,264,212,272,202,274,202,181,205,182,210,184,216,186,222,186,227,185' },
      { _id: 10, map: '155,161,159,167,159,184,156,172,154,171,153,166' },
      { _id: 10, map: '247,161,243,167,243,184,246,172,248,171,249,166' },
      { _id: 13, map: '153,337,156,357,155,371,158,372,159,366,161,356,163,354,164,361,164,366,166,373,169,377,172,379,177,376,179,364,180,355,181,348,183,338,185,328,187,320,189,310,193,303,196,300,194,297,190,288,184,280,178,272,174,268,170,265,167,264,165,265,163,275,161,279,161,287,159,293,157,302,155,313,153,322,153,328' },
      { _id: 13, map: '249,337,246,357,247,371,244,372,243,366,241,356,239,354,238,361,238,366,236,373,233,377,230,379,225,376,223,364,222,355,221,348,219,338,217,328,215,320,213,310,209,303,206,300,208,297,212,288,218,280,224,272,228,268,232,265,235,264,237,265,239,275,241,279,241,287,243,293,245,302,247,313,249,322,249,328' },
      { _id: 14, map: '153,396,149,405,147,414,146,425,146,432,146,438,148,448,151,458,154,464,153,457,152,452,151,446,149,435,149,427,149,418,151,408,154,399' },
      { _id: 14, map: '249,396,253,405,255,414,256,425,256,432,256,438,254,448,251,458,248,464,249,457,250,452,251,446,253,435,253,427,253,418,251,408,248,399' },
      { _id: 15, map: '175,399,169,408,166,416,164,425,162,438,161,451,162,462,166,450,170,442,173,433,174,417' },
      { _id: 15, map: '227,399,233,408,236,416,238,425,240,438,241,451,240,462,236,450,232,442,229,433,228,417' },
    ]
  },
  {
    _id: 1,
    front: [
      { _id: 0, map: '187,122,192,126,197,128,200,128,200,150,194,146,187,144' },
      { _id: 0, map: '215,122,210,126,205,128,202,128,202,150,208,146,215,144' },
      { _id: 1, map: '162,139,168,140,173,142,177,145,187,144,187,127,180,134,172,136' },
      { _id: 1, map: '240,139,234,140,229,142,225,145,215,144,215,127,222,134,230,136' },
      { _id: 2, map: '136,157,141,151,147,145,152,142,157,140,163,139,168,140,173,142,177,145,168,149,162,154,158,158,155,162,153,167,146,166,130,167,131,163' },
      { _id: 2, map: '266,157,261,151,255,145,250,142,245,140,239,139,234,140,229,142,225,145,234,149,240,154,244,158,247,162,249,167,256,166,272,167,271,163' },
      { _id: 3, map: '119,177,107,185,100,188,101,193,101,198,106,197,114,194,127,188,137,181,145,174,153,167,146,166,131,167' },
      { _id: 3, map: '283,177,295,185,302,188,301,193,301,198,296,197,288,194,275,188,265,181,257,174,249,167,256,166,271,167' },
      { _id: 4, map: '100,188,100,185,108,182,114,177,120,172,130,165,131,167,119,177,107,185' },
      { _id: 4, map: '302,188,302,185,294,182,288,177,282,172,272,165,271,167,283,177,295,185' },
      { _id: 4, map: '112,198,101,198,109,196,119,192,130,186,136,182,153,167,154,171,148,175,140,183,129,190,120,194' },
      { _id: 4, map: '290,198,301,198,293,196,283,192,272,186,266,182,249,167,248,171,254,175,262,183,273,190,282,194' },
      { _id: 5, map: '57,218,64,212,73,203,81,196,91,189,100,185,101,193,101,198,112,198,107,205,102,209,90,215,79,219,70,223,61,229,56,233,50,224' },
      { _id: 5, map: '345,218,338,212,329,203,321,196,311,189,302,185,301,193,301,198,290,198,295,205,300,209,312,215,323,219,332,223,341,229,346,233,352,224' },
      { _id: 6, map: '155,162,161,170,166,178,169,183,175,185,181,186,187,186,200,181,200,150,194,146,187,144,177,145,168,149,163,153,157,159' },
      { _id: 6, map: '247,162,241,170,236,178,233,183,227,185,221,186,215,186,202,181,202,150,208,146,215,144,225,145,234,149,239,153,245,159' },
      { _id: 7, map: '159,167,164,174,167,180,171,184,175,185,173,193,174,199,178,203,177,207,177,209,182,215,176,222,176,227,181,235,179,237,178,240,178,245,178,255,180,265,175,261,170,259,166,257,166,254,168,248,169,242,171,229,170,219,167,210,164,202,164,195,161,192,159,186' },
      { _id: 7, map: '243,167,238,174,235,180,231,184,227,185,229,193,228,199,224,203,225,207,225,209,220,215,226,222,226,227,221,235,223,237,224,240,224,245,224,255,222,265,227,261,232,259,236,257,236,254,234,248,233,242,231,229,232,219,235,210,238,202,238,195,241,192,243,186' },
      { _id: 8, map: '173,192,173,196,174,199,178,203,177,205,177,209,182,215,176,222,176,227,181,235,178,238,178,245,178,256,180,265,189,271,200,273,200,181,197,182,192,184,186,186,180,186,175,185' },
      { _id: 8, map: '229,192,229,196,228,199,224,203,225,205,225,209,220,215,226,222,226,227,221,235,224,238,224,245,224,256,222,265,213,271,202,273,202,181,205,182,210,184,216,186,222,186,227,185' },
      { _id: 10, map: '155,162,159,168,159,187,155,172,154,171,153,166' },
      { _id: 10, map: '247,162,243,168,243,187,247,172,248,171,249,166' },
      { _id: 13, map: '152,331,156,362,155,371,158,372,159,366,160,356,163,354,164,361,164,366,166,373,169,377,172,379,177,376,179,364,181,353,182,346,184,339,186,330,187,322,189,312,192,304,197,301,194,297,190,288,184,280,178,272,174,268,170,265,167,263,165,264,163,273,161,279,159,291,157,299,155,308,153,319,152,328' },
      { _id: 13, map: '250,331,246,362,247,371,244,372,243,366,242,356,239,354,238,361,238,366,236,373,233,377,230,379,225,376,223,364,221,353,220,346,218,339,216,330,215,322,213,312,210,304,205,301,208,297,212,288,218,280,224,272,228,268,232,265,235,263,237,264,239,273,241,279,243,291,245,299,247,308,249,319,250,328' },
      { _id: 14, map: '153,396,148,408,146,417,145,425,145,428,146,438,148,448,151,458,154,464,153,457,152,452,151,445,150,436,149,427,149,418,151,408,154,399' },
      { _id: 14, map: '249,396,254,408,256,417,257,425,257,428,256,438,254,448,251,458,248,464,249,457,250,452,251,445,252,436,253,427,253,418,251,408,248,399' },
      { _id: 15, map: '175,399,169,408,166,416,164,425,162,438,161,451,162,462,166,450,170,442,173,433,174,417' },
      { _id: 15, map: '227,399,233,408,236,416,238,425,240,438,241,451,240,462,236,450,232,442,229,433,228,417' },
    ]
  },
  {
    _id: 2,
    front: [
      { _id: 0, map: '186,121,190,124,195,127,200,128,200,150,194,146,186,144' },
      { _id: 0, map: '216,121,212,124,207,127,202,128,202,150,208,146,216,144' },
      { _id: 1, map: '162,139,168,140,172,142,176,145,186,144,186,129,179,134,171,136' },
      { _id: 1, map: '240,139,234,140,230,142,226,145,216,144,216,129,223,134,231,136' },
      { _id: 2, map: '136,157,141,151,147,145,152,142,157,140,163,139,168,140,172,142,176,145,168,149,162,154,158,158,155,162,152,168,145,166,130,166,131,163' },
      { _id: 2, map: '266,157,261,151,255,145,250,142,245,140,239,139,234,140,230,142,226,145,234,149,240,154,244,158,247,162,250,168,257,166,272,166,271,163' },
      { _id: 3, map: '117,178,107,185,100,188,101,193,101,198,106,197,114,194,127,188,138,181,146,174,152,168,146,166,130,166' },
      { _id: 3, map: '285,178,295,185,302,188,301,193,301,198,296,197,288,194,275,188,264,181,256,174,250,168,256,166,272,166' },
      { _id: 4, map: '100,188,100,185,108,182,114,177,120,172,131,164,130,166,116,179,107,185' },
      { _id: 4, map: '302,188,302,185,294,182,288,177,282,172,271,164,272,166,286,179,295,185' },
      { _id: 4, map: '112,198,101,198,109,196,119,192,130,186,138,181,153,167,153,172,146,177,140,183,130,190,120,194' },
      { _id: 4, map: '290,198,301,198,293,196,283,192,272,186,264,181,249,167,249,172,256,177,262,183,272,190,282,194' },
      { _id: 5, map: '57,218,66,209,73,203,81,196,89,190,100,185,101,193,101,198,112,198,108,205,102,209,91,215,79,219,70,223,61,229,56,233,50,224' },
      { _id: 5, map: '345,218,336,209,329,203,321,196,313,190,302,185,301,193,301,198,290,198,294,205,300,209,311,215,323,219,332,223,341,229,346,233,352,224' },
      { _id: 6, map: '155,162,161,171,165,178,168,183,175,187,181,187,189,186,200,181,200,150,194,146,186,144,176,145,169,148,163,153,157,159' },
      { _id: 6, map: '247,162,241,171,237,178,234,183,227,187,221,187,213,186,202,181,202,150,208,146,216,144,226,145,233,148,239,153,245,159' },
      { _id: 7, map: '159,168,163,174,166,180,170,184,175,187,173,193,174,199,178,203,177,207,177,209,182,215,176,222,176,227,179,234,177,236,176,240,177,250,178,257,180,264,175,261,171,259,166,257,166,254,168,246,169,241,171,229,170,220,167,211,164,202,164,197,161,192,159,186' },
      { _id: 7, map: '243,168,239,174,236,180,232,184,227,187,229,193,228,199,224,203,225,207,225,209,220,215,226,222,226,227,223,234,225,236,226,240,225,250,224,257,222,264,227,261,231,259,236,257,236,254,234,246,233,241,231,229,232,220,235,211,238,202,238,197,241,192,243,186' },
      { _id: 8, map: '173,192,173,196,174,199,178,203,177,205,177,209,182,215,176,222,176,227,179,234,176,238,176,241,177,253,180,264,190,271,200,273,200,181,196,183,191,185,186,186,181,187,175,187' },
      { _id: 8, map: '229,192,229,196,228,199,224,203,225,205,225,209,220,215,226,222,226,227,223,234,226,238,226,241,225,253,222,264,212,271,202,273,202,181,206,183,211,185,216,186,221,187,227,187' },
      { _id: 10, map: '155,162,159,168,159,187,155,172,153,172,153,166' },
      { _id: 10, map: '247,162,243,168,243,187,247,172,249,172,249,166' },
      { _id: 13, map: '152,331,156,362,155,371,158,372,159,366,160,356,163,354,164,361,164,366,166,373,169,377,172,379,177,376,179,364,181,353,182,346,184,339,186,330,188,321,190,312,193,304,197,301,194,297,190,288,187,283,184,279,179,272,173,267,168,264,165,265,164,268,163,273,161,279,159,291,157,299,155,308,153,319,152,328' },
      { _id: 13, map: '250,331,246,362,247,371,244,372,243,366,242,356,239,354,238,361,238,366,236,373,233,377,230,379,225,376,223,364,221,353,220,346,218,339,216,330,214,321,212,312,209,304,205,301,208,297,212,288,215,283,218,279,223,272,229,267,234,264,237,265,238,268,239,273,241,279,243,291,245,299,247,308,249,319,250,328' },
      { _id: 14, map: '152,397,148,406,146,416,145,424,145,429,146,438,148,448,151,458,154,464,153,457,152,452,151,445,150,436,149,427,149,418,151,406,153,399' },
      { _id: 14, map: '250,397,254,406,256,416,257,424,257,429,256,438,254,448,251,458,248,464,249,457,250,452,251,445,252,436,253,427,253,418,251,406,249,399' },
      { _id: 15, map: '174,399,169,408,166,416,164,425,162,438,161,451,162,462,166,450,170,442,173,433,174,417' },
      { _id: 15, map: '228,399,233,408,236,416,238,425,240,438,241,451,240,462,236,450,232,442,229,433,228,417' },
    ]
  },
  {
    _id: 3,
    front: [
      { _id: 0, map: '186,120,190,124,196,127,200,127,200,150,194,146,186,144' },
      { _id: 0, map: '216,120,212,124,206,127,202,127,202,150,208,146,216,144' },
      { _id: 1, map: '162,139,168,140,172,142,176,145,186,144,186,128,178,134,170,136' },
      { _id: 1, map: '240,139,234,140,230,142,226,145,216,144,216,128,224,134,232,136' },
      { _id: 2, map: '136,156,141,150,145,146,151,142,156,140,161,139,163,139,168,140,172,142,176,145,168,149,162,154,158,158,155,162,152,168,145,166,130,166,132,161' },
      { _id: 2, map: '266,156,261,150,257,146,251,142,246,140,241,139,239,139,234,140,230,142,226,145,234,149,240,154,244,158,247,162,250,168,257,166,272,166,270,161' },
      { _id: 3, map: '117,178,108,184,100,188,101,193,101,198,106,197,114,194,127,188,138,181,146,174,152,168,146,166,130,166' },
      { _id: 3, map: '285,178,294,184,302,188,301,193,301,198,296,197,288,194,275,188,264,181,256,174,250,168,256,166,272,166' },
      { _id: 4, map: '100,188,99,185,107,182,114,177,120,171,131,164,130,166,116,179,107,185' },
      { _id: 4, map: '302,188,303,185,295,182,288,177,282,171,271,164,272,166,286,179,295,185' },
      { _id: 4, map: '112,198,101,198,109,196,119,192,130,186,138,181,152,168,152,172,146,177,140,183,131,190,121,194' },
      { _id: 4, map: '290,198,301,198,293,196,283,192,272,186,264,181,250,168,250,172,256,177,262,183,271,190,281,194' },
      { _id: 5, map: '56,218,65,209,72,203,79,196,88,190,99,185,101,191,101,198,112,198,108,205,102,209,91,215,78,219,69,223,61,229,56,233,50,223' },
      { _id: 5, map: '346,218,337,209,330,203,323,196,314,190,303,185,301,191,301,198,290,198,294,205,300,209,311,215,324,219,333,223,341,229,346,233,352,223' },
      { _id: 6, map: '155,162,161,171,165,178,168,183,175,187,181,187,189,186,200,181,200,150,194,146,186,144,176,145,169,148,163,153,157,159' },
      { _id: 6, map: '247,162,241,171,237,178,234,183,227,187,221,187,213,186,202,181,202,150,208,146,216,144,226,145,233,148,239,153,245,159' },
      { _id: 7, map: '159,168,163,174,166,180,170,184,175,187,173,193,174,199,178,203,177,207,177,209,182,215,176,222,176,227,179,234,177,236,176,239,176,248,177,256,179,263,176,262,172,260,166,258,166,252,167,248,169,241,171,229,170,221,167,212,164,203,164,197,161,192,159,188' },
      { _id: 7, map: '243,168,239,174,236,180,232,184,227,187,229,193,228,199,224,203,225,207,225,209,220,215,226,222,226,227,223,234,225,236,226,239,226,248,225,256,223,263,226,262,230,260,236,258,236,252,235,248,233,241,231,229,232,221,235,212,238,203,238,197,241,192,243,188' },
      { _id: 8, map: '173,192,173,196,174,199,178,203,177,205,177,209,182,215,176,222,176,227,179,234,176,238,176,249,177,257,179,263,189,270,200,272,200,181,196,183,191,185,186,186,181,187,175,187' },
      { _id: 8, map: '229,192,229,196,228,199,224,203,225,205,225,209,220,215,226,222,226,227,223,234,226,238,226,249,225,257,223,263,213,270,202,272,202,181,206,183,211,185,216,186,221,187,227,187' },
      { _id: 10, map: '155,162,159,168,159,187,154,172,152,172,152,168' },
      { _id: 10, map: '247,162,243,168,243,187,248,172,250,172,250,168' },
      { _id: 13, map: '152,334,155,362,154,371,157,373,159,366,160,356,163,354,164,361,164,366,166,373,169,377,172,379,177,376,180,364,181,353,183,345,185,336,187,328,189,319,191,311,193,304,197,301,194,297,190,288,186,280,182,274,178,271,172,267,167,265,164,266,163,272,161,279,159,289,157,297,155,306,153,316,152,328' },
      { _id: 13, map: '250,334,247,362,248,371,245,373,243,366,242,356,239,354,238,361,238,366,236,373,233,377,230,379,225,376,222,364,221,353,219,345,217,336,215,328,213,319,211,311,209,304,205,301,208,297,212,288,216,280,220,274,224,271,230,267,235,265,238,266,239,272,241,279,243,289,245,297,247,306,249,316,250,328' },
      { _id: 14, map: '152,397,148,406,146,416,145,424,145,429,146,438,148,448,151,458,154,464,153,457,152,452,151,445,150,436,149,427,149,418,151,406,153,399' },
      { _id: 14, map: '250,397,254,406,256,416,257,424,257,429,256,438,254,448,251,458,248,464,249,457,250,452,251,445,252,436,253,427,253,418,251,406,249,399' },
      { _id: 15, map: '175,399,169,408,166,416,164,425,162,438,161,451,162,462,166,450,170,442,173,433,174,417' },
      { _id: 15, map: '227,399,233,408,236,416,238,425,240,438,241,451,240,462,236,450,232,442,229,433,228,417' },
    ]
  },
  {
    _id: 4,
    front: [
      { _id: 0, map: '186,119,190,123,196,126,200,126,200,150,194,146,186,144' },
      { _id: 0, map: '216,119,212,123,206,126,202,126,202,150,208,146,216,144' },
      { _id: 1, map: '161,139,168,140,172,142,176,145,186,144,186,128,179,133,169,136' },
      { _id: 1, map: '241,139,234,140,230,142,226,145,216,144,216,128,223,133,233,136' },
      { _id: 2, map: '136,156,141,150,145,146,149,143,155,140,160,139,163,139,168,140,172,142,176,145,168,148,162,153,158,158,155,162,152,168,145,166,130,166,132,161' },
      { _id: 2, map: '266,156,261,150,257,146,253,143,247,140,242,139,239,139,234,140,230,142,226,145,234,148,240,153,244,158,247,162,250,168,257,166,272,166,270,161' },
      { _id: 3, map: '124,171,117,178,109,183,99,187,101,193,101,198,106,197,114,194,127,188,138,181,146,174,152,168,146,166,130,166' },
      { _id: 3, map: '278,171,285,178,293,183,303,187,301,193,301,198,296,197,288,194,275,188,264,181,256,174,250,168,256,166,272,166' },
      { _id: 4, map: '99,187,98,185,108,181,115,175,120,171,131,164,130,166,116,179,107,184' },
      { _id: 4, map: '303,187,304,185,294,181,287,175,282,171,271,164,272,166,286,179,295,184' },
      { _id: 4, map: '112,198,101,198,109,196,119,192,130,186,138,181,152,168,152,173,147,177,140,183,131,190,121,194' },
      { _id: 4, map: '290,198,301,198,293,196,283,192,272,186,264,181,250,168,250,173,255,177,262,183,271,190,281,194' },
      { _id: 5, map: '56,218,65,209,73,202,79,196,88,190,98,185,100,190,101,194,101,198,112,198,108,205,102,209,91,215,78,219,69,223,61,229,56,233,50,223' },
      { _id: 5, map: '346,218,337,209,329,202,323,196,314,190,304,185,302,190,301,194,301,198,290,198,294,205,300,209,311,215,324,219,333,223,341,229,346,233,352,223' },
      { _id: 6, map: '155,162,161,171,165,178,168,183,175,187,181,187,189,186,200,181,200,150,194,146,186,144,176,145,168,148,161,154,157,159' },
      { _id: 6, map: '247,162,241,171,237,178,234,183,227,187,221,187,213,186,202,181,202,150,208,146,216,144,226,145,234,148,241,154,245,159' },
      { _id: 7, map: '159,168,163,175,166,180,170,184,175,187,173,193,174,199,178,203,177,207,178,211,182,215,176,222,176,227,179,234,177,236,176,240,176,247,178,257,180,263,176,261,168,258,166,255,166,251,167,245,170,231,170,224,167,212,164,204,163,197,161,192,159,189' },
      { _id: 7, map: '243,168,239,175,236,180,232,184,227,187,229,193,228,199,224,203,225,207,224,211,220,215,226,222,226,227,223,234,225,236,226,240,226,247,224,257,222,263,226,261,234,258,236,255,236,251,235,245,232,231,232,224,235,212,238,204,239,197,241,192,243,189' },
      { _id: 8, map: '173,192,173,196,174,199,178,203,177,205,177,209,182,215,176,222,176,227,179,234,176,238,176,247,177,254,180,263,189,271,200,273,200,181,196,183,191,185,186,186,181,187,175,187' },
      { _id: 8, map: '229,192,229,196,228,199,224,203,225,205,225,209,220,215,226,222,226,227,223,234,226,238,226,247,225,254,222,263,213,271,202,273,202,181,206,183,211,185,216,186,221,187,227,187' },
      { _id: 10, map: '155,162,159,168,159,187,155,173,152,173,152,168' },
      { _id: 10, map: '247,162,243,168,243,187,247,173,250,173,250,168' },
      { _id: 13, map: '152,337,155,362,154,371,157,373,159,366,160,356,163,354,164,361,164,366,166,373,169,377,172,379,177,377,180,364,182,352,184,343,186,335,188,326,190,317,192,309,194,304,198,302,194,297,190,288,187,283,184,278,178,270,173,265,167,262,164,263,163,270,161,278,159,289,157,294,155,303,153,313,152,321' },
      { _id: 13, map: '250,337,247,362,248,371,245,373,243,366,242,356,239,354,238,361,238,366,236,373,233,377,230,379,225,377,222,364,220,352,218,343,216,335,214,326,212,317,210,309,208,304,204,302,208,297,212,288,215,283,218,278,224,270,229,265,235,262,238,263,239,270,241,278,243,289,245,294,247,303,249,313,250,321' },
      { _id: 14, map: '152,397,148,406,145,416,144,424,144,429,145,438,147,448,150,458,153,464,152,457,151,452,150,445,149,436,148,427,149,417,151,405,153,399' },
      { _id: 14, map: '250,397,254,406,257,416,258,424,258,429,257,438,255,448,252,458,249,464,250,457,251,452,252,445,253,436,254,427,253,417,251,405,249,399' },
      { _id: 15, map: '175,399,169,408,166,416,164,425,162,438,161,451,162,462,166,450,170,442,173,433,174,417' },
      { _id: 15, map: '227,399,233,408,236,416,238,425,240,438,241,451,240,462,236,450,232,442,229,433,228,417' },
    ]
  },
  {
    _id: 5,
    front: [
      { _id: 0, map: '186,119,190,123,196,126,200,126,200,150,194,146,186,144' },
      { _id: 0, map: '216,119,212,123,206,126,202,126,202,150,208,146,216,144' },
      { _id: 1, map: '161,139,168,140,172,142,176,145,186,144,186,128,180,132,168,136' },
      { _id: 1, map: '241,139,234,140,230,142,226,145,216,144,216,128,222,132,234,136' },
      { _id: 2, map: '136,155,141,149,144,146,148,143,154,140,158,139,163,139,168,140,172,142,176,145,168,148,162,153,158,158,155,162,152,168,145,166,130,166,132,160' },
      { _id: 2, map: '266,155,261,149,258,146,254,143,248,140,244,139,239,139,234,140,230,142,226,145,234,148,240,153,244,158,247,162,250,168,257,166,272,166,270,160' },
      { _id: 3, map: '124,171,116,178,108,183,99,187,101,193,101,198,106,197,115,194,128,188,138,181,146,174,152,168,146,166,130,166' },
      { _id: 3, map: '278,171,286,178,294,183,303,187,301,193,301,198,296,197,287,194,274,188,264,181,256,174,250,168,256,166,272,166' },
      { _id: 4, map: '99,187,99,184,109,180,117,173,122,169,131,163,130,166,116,178,108,183' },
      { _id: 4, map: '303,187,303,184,293,180,285,173,280,169,271,163,272,166,286,178,294,183' },
      { _id: 4, map: '112,198,101,198,110,196,120,192,131,186,138,181,152,168,152,173,147,178,140,184,131,190,119,195' },
      { _id: 4, map: '290,198,301,198,292,196,282,192,271,186,264,181,250,168,250,173,255,178,262,184,271,190,283,195' },
      { _id: 5, map: '57,216,65,208,73,201,81,194,89,189,99,184,100,190,101,194,101,198,112,198,109,204,102,209,91,215,78,219,69,223,61,228,56,232,50,222' },
      { _id: 5, map: '345,216,337,208,329,201,321,194,313,189,303,184,302,190,301,194,301,198,290,198,293,204,300,209,311,215,324,219,333,223,341,228,346,232,352,222' },
      { _id: 6, map: '155,162,160,171,164,178,168,183,175,187,181,187,189,186,200,181,200,150,194,146,186,144,176,145,168,148,161,154,157,159' },
      { _id: 6, map: '247,162,242,171,238,178,234,183,227,187,221,187,213,186,202,181,202,150,208,146,216,144,226,145,234,148,241,154,245,159' },
      { _id: 7, map: '159,169,163,176,166,181,169,184,175,187,173,193,174,199,178,203,177,207,178,210,182,214,176,222,176,227,179,234,177,236,176,240,176,250,177,256,179,262,175,260,170,258,166,257,166,249,167,243,170,231,170,224,167,212,163,199,162,195,159,189' },
      { _id: 7, map: '243,169,239,176,236,181,233,184,227,187,229,193,228,199,224,203,225,207,224,210,220,214,226,222,226,227,223,234,225,236,226,240,226,250,225,256,223,262,227,260,232,258,236,257,236,249,235,243,232,231,232,224,235,212,239,199,240,195,243,189' },
      { _id: 8, map: '173,192,173,196,174,199,178,203,177,205,177,209,182,214,176,222,176,227,179,234,176,238,176,252,179,262,188,269,200,272,200,181,196,183,191,185,186,186,181,187,175,187' },
      { _id: 8, map: '229,192,229,196,228,199,224,203,225,205,225,209,220,214,226,222,226,227,223,234,226,238,226,252,223,262,214,269,202,272,202,181,206,183,211,185,216,186,221,187,227,187' },
      { _id: 10, map: '155,162,159,169,159,189,154,173,152,173,152,168' },
      { _id: 10, map: '247,162,243,169,243,189,248,173,250,173,250,168' },
      { _id: 13, map: '151,330,155,365,154,371,157,373,159,366,160,356,163,354,164,361,164,366,166,373,169,377,172,379,177,377,180,366,182,354,184,344,186,337,188,328,190,320,192,311,194,305,198,302,194,297,190,288,186,281,181,274,176,269,171,266,166,265,164,266,163,270,161,278,159,288,157,294,155,303,153,311,151,325' },
      { _id: 13, map: '251,330,247,365,248,371,245,373,243,366,242,356,239,354,238,361,238,366,236,373,233,377,230,379,225,377,222,366,220,354,218,344,216,337,214,328,212,320,210,311,208,305,204,302,208,297,212,288,216,281,221,274,226,269,231,266,236,265,238,266,239,270,241,278,243,288,245,294,247,303,249,311,251,325' },
      { _id: 14, map: '152,397,148,406,145,416,144,424,144,428,145,438,147,448,150,458,153,464,152,457,151,452,150,445,149,436,148,427,149,417,151,405,153,399' },
      { _id: 14, map: '250,397,254,406,257,416,258,424,258,428,257,438,255,448,252,458,249,464,250,457,251,452,252,445,253,436,254,427,253,417,251,405,249,399' },
      { _id: 15, map: '175,399,169,408,166,416,164,425,162,438,161,451,161,465,166,450,170,442,173,433,174,417' },
      { _id: 15, map: '227,399,233,408,236,416,238,425,240,438,241,451,241,465,236,450,232,442,229,433,228,417' },
    ]
  },
  {
    _id: 6,
    front: [
      { _id: 0, map: '186,119,190,123,195,126,200,126,200,150,194,146,186,144' },
      { _id: 0, map: '216,119,212,123,207,126,202,126,202,150,208,146,216,144' },
      { _id: 1, map: '163,138,168,140,172,142,176,145,186,144,186,127,179,132,171,135' },
      { _id: 1, map: '239,138,234,140,230,142,226,145,216,144,216,127,223,132,231,135' },
      { _id: 2, map: '136,155,141,149,144,146,148,143,154,140,158,139,163,138,168,140,172,142,176,145,168,148,162,153,158,158,155,162,152,168,145,166,130,166,132,160' },
      { _id: 2, map: '266,155,261,149,258,146,254,143,248,140,244,139,239,138,234,140,230,142,226,145,234,148,240,153,244,158,247,162,250,168,257,166,272,166,270,160' },
      { _id: 3, map: '124,171,116,178,108,183,99,187,101,193,101,198,106,197,115,194,128,188,138,181,146,174,152,168,146,166,130,166' },
      { _id: 3, map: '278,171,286,178,294,183,303,187,301,193,301,198,296,197,287,194,274,188,264,181,256,174,250,168,256,166,272,166' },
      { _id: 4, map: '99,187,98,184,110,179,117,173,123,168,132,161,130,166,116,178,108,183' },
      { _id: 4, map: '303,187,304,184,292,179,285,173,279,168,270,161,272,166,286,178,294,183' },
      { _id: 4, map: '113,198,101,198,110,196,120,192,131,186,138,181,152,168,152,173,147,178,139,185,131,190,120,195' },
      { _id: 4, map: '289,198,301,198,292,196,282,192,271,186,264,181,250,168,250,173,255,178,263,185,271,190,282,195' },
      { _id: 5, map: '57,216,65,208,73,201,81,194,90,188,98,184,99,186,101,193,101,198,113,198,107,205,102,209,91,215,78,219,68,223,61,228,56,232,50,222' },
      { _id: 5, map: '345,216,337,208,329,201,321,194,312,188,304,184,303,186,301,193,301,198,289,198,295,205,300,209,311,215,324,219,334,223,341,228,346,232,352,222' },
      { _id: 6, map: '155,162,160,172,164,178,168,184,172,187,181,187,191,186,200,181,200,150,194,146,185,144,176,145,168,148,161,154,157,159' },
      { _id: 6, map: '247,162,242,172,238,178,234,184,230,187,221,187,211,186,202,181,202,150,208,146,217,144,226,145,234,148,241,154,245,159' },
      { _id: 7, map: '159,170,163,176,166,181,170,186,172,187,172,194,174,199,178,202,177,207,178,210,182,214,176,219,176,227,179,233,177,235,176,238,176,246,177,254,179,262,174,259,169,258,166,255,166,249,167,243,168,238,170,224,167,212,163,199,163,196,159,189' },
      { _id: 7, map: '243,170,239,176,236,181,232,186,230,187,230,194,228,199,224,202,225,207,224,210,220,214,226,219,226,227,223,233,225,235,226,238,226,246,225,254,223,262,228,259,233,258,236,255,236,249,235,243,234,238,232,224,235,212,239,199,239,196,243,189' },
      { _id: 8, map: '172,187,172,194,174,199,178,202,177,205,177,209,182,214,176,219,176,227,179,233,176,236,176,246,177,254,179,262,188,269,200,271,200,181,196,183,191,186,184,187,181,187,175,187' },
      { _id: 8, map: '230,187,230,194,228,199,224,202,225,205,225,209,220,214,226,219,226,227,223,233,226,236,226,246,225,254,223,262,214,269,202,271,202,181,206,183,211,186,218,187,221,187,227,187' },
      { _id: 10, map: '155,162,159,170,159,189,154,174,152,173,152,168' },
      { _id: 10, map: '247,162,243,170,243,189,248,174,250,173,250,168' },
      { _id: 13, map: '151,333,155,364,154,370,156,372,158,367,160,356,163,354,164,361,164,366,166,373,169,377,172,379,177,377,180,367,182,356,184,346,186,339,188,330,190,321,192,313,194,305,199,302,195,297,190,288,187,281,183,275,177,269,173,265,168,262,165,262,163,268,161,276,159,287,157,293,155,301,153,309,151,320' },
      { _id: 13, map: '251,333,247,364,248,370,246,372,244,367,242,356,239,354,238,361,238,366,236,373,233,377,230,379,225,377,222,367,220,356,218,346,216,339,214,330,212,321,210,313,208,305,203,302,207,297,212,288,215,281,219,275,225,269,229,265,234,262,237,262,239,268,241,276,243,287,245,293,247,301,249,309,251,320' },
      { _id: 14, map: '151,397,148,405,145,414,144,424,144,431,145,438,147,448,150,458,153,464,152,457,151,452,150,445,149,436,148,427,149,417,151,405,152,399' },
      { _id: 14, map: '251,397,254,405,257,414,258,424,258,431,257,438,255,448,252,458,249,464,250,457,251,452,252,445,253,436,254,427,253,417,251,405,250,399' },
      { _id: 15, map: '175,399,169,408,166,416,164,425,162,438,161,451,161,465,166,450,170,442,173,433,174,417' },
      { _id: 15, map: '227,399,233,408,236,416,238,425,240,438,241,451,241,465,236,450,232,442,229,433,228,417' },
    ]
  },
  {
    _id: 7,
    front: [
      { _id: 0, map: '186,118,190,122,195,125,200,126,200,150,194,146,186,144' },
      { _id: 0, map: '216,118,212,122,207,125,202,126,202,150,208,146,216,144' },
      { _id: 1, map: '163,138,168,140,172,142,176,145,186,144,186,126,180,131,172,134' },
      { _id: 1, map: '239,138,234,140,230,142,226,145,216,144,216,126,222,131,230,134' },
      { _id: 2, map: '135,155,140,149,143,146,147,143,152,140,156,139,163,138,168,140,172,142,176,145,168,148,162,153,158,158,155,163,152,169,145,166,129,166,131,161' },
      { _id: 2, map: '267,155,262,149,259,146,255,143,250,140,246,139,239,138,234,140,230,142,226,145,234,148,240,153,244,158,247,163,250,169,257,166,273,166,271,161' },
      { _id: 3, map: '123,171,115,178,107,183,99,187,101,193,101,198,106,197,115,194,128,188,138,181,146,174,152,169,146,166,129,166' },
      { _id: 3, map: '279,171,287,178,295,183,303,187,301,193,301,198,296,197,287,194,274,188,264,181,256,174,250,169,256,166,273,166' },
      { _id: 4, map: '99,187,99,184,110,179,119,171,122,168,130,163,129,166,115,178,107,183' },
      { _id: 4, map: '303,187,303,184,292,179,283,171,280,168,272,163,273,166,287,178,295,183' },
      { _id: 4, map: '114,198,101,198,110,196,120,192,131,186,138,181,152,169,152,174,147,178,141,184,131,190,121,195' },
      { _id: 4, map: '288,198,301,198,292,196,282,192,271,186,264,181,250,169,250,174,255,178,261,184,271,190,281,195' },
      { _id: 5, map: '56,216,65,208,72,201,81,193,90,188,99,184,99,186,101,193,101,198,114,198,111,202,102,209,88,216,78,219,68,223,61,228,56,232,50,221' },
      { _id: 5, map: '346,216,337,208,330,201,321,193,312,188,303,184,303,186,301,193,301,198,288,198,291,202,300,209,314,216,324,219,334,223,341,228,346,232,352,221' },
      { _id: 6, map: '155,163,160,172,163,178,167,184,172,188,181,188,191,186,200,181,200,150,194,146,185,144,176,145,168,148,161,154,157,159' },
      { _id: 6, map: '247,163,242,172,239,178,235,184,230,188,221,188,211,186,202,181,202,150,208,146,217,144,226,145,234,148,241,154,245,159' },
      { _id: 7, map: '159,170,163,178,166,182,170,186,172,188,172,194,174,199,178,202,177,207,178,210,182,214,176,219,176,227,179,233,177,235,176,239,176,245,177,253,180,261,176,259,169,257,166,254,166,247,167,243,168,236,170,224,168,217,164,205,162,196,159,190' },
      { _id: 7, map: '243,170,239,178,236,182,232,186,230,188,230,194,228,199,224,202,225,207,224,210,220,214,226,219,226,227,223,233,225,235,226,239,226,245,225,253,222,261,226,259,233,257,236,254,236,247,235,243,234,236,232,224,234,217,238,205,240,196,243,190' },
      { _id: 8, map: '172,188,172,194,174,199,178,202,177,205,177,209,182,214,176,219,176,227,179,233,176,236,176,239,176,246,177,253,180,261,188,268,200,271,200,181,196,183,191,186,186,187,181,188,175,188' },
      { _id: 8, map: '230,188,230,194,228,199,224,202,225,205,225,209,220,214,226,219,226,227,223,233,226,236,226,239,226,246,225,253,222,261,214,268,202,271,202,181,206,183,211,186,216,187,221,188,227,188' },
      { _id: 10, map: '155,163,159,170,159,191,154,175,152,173,152,169' },
      { _id: 10, map: '247,163,243,170,243,191,248,175,250,173,250,169' },
      { _id: 13, map: '151,339,154,359,154,370,156,372,158,367,160,356,163,354,164,361,164,366,166,373,169,377,172,379,177,377,180,369,182,358,184,348,186,340,188,332,190,324,192,316,195,305,199,302,195,297,190,288,187,281,183,274,178,268,173,264,169,261,165,261,163,267,161,275,159,286,157,291,155,299,153,307,151,317,151,326,151,334' },
      { _id: 13, map: '251,339,248,359,248,370,246,372,244,367,242,356,239,354,238,361,238,366,236,373,233,377,230,379,225,377,222,369,220,358,218,348,216,340,214,332,212,324,210,316,207,305,203,302,207,297,212,288,215,281,219,274,224,268,229,264,233,261,237,261,239,267,241,275,243,286,245,291,247,299,249,307,251,317,251,326,251,334' },
      { _id: 14, map: '151,397,148,405,145,414,144,424,144,431,145,438,147,448,150,458,153,464,152,457,151,452,150,445,149,436,148,427,149,417,151,405,152,399' },
      { _id: 14, map: '251,397,254,405,257,414,258,424,258,431,257,438,255,448,252,458,249,464,250,457,251,452,252,445,253,436,254,427,253,417,251,405,250,399' },
      { _id: 15, map: '174,400,169,407,165,415,162,424,160,435,160,451,161,465,166,450,170,442,173,433,174,422,174,417,174,411' },
      { _id: 15, map: '228,400,233,407,237,415,240,424,242,435,242,451,241,465,236,450,232,442,229,433,228,422,228,417,228,411' },
    ]
  },
  {
    _id: 8,
    front: [
      { _id: 0, map: '185,118,190,122,195,125,200,126,200,150,194,146,185,143' },
      { _id: 0, map: '217,118,212,122,207,125,202,126,202,150,208,146,217,143' },
      { _id: 1, map: '163,138,167,139,173,142,177,145,185,143,185,131,185,128,178,131,171,134' },
      { _id: 1, map: '239,138,235,139,229,142,225,145,217,143,217,131,217,128,224,131,231,134' },
      { _id: 2, map: '135,155,139,150,143,146,148,142,152,140,156,139,164,138,167,139,173,142,177,145,168,148,162,153,158,158,155,163,152,169,145,166,129,166,131,161' },
      { _id: 2, map: '267,155,263,150,259,146,254,142,250,140,246,139,238,138,235,139,229,142,225,145,234,148,240,153,244,158,247,163,250,169,257,166,273,166,271,161' },
      { _id: 3, map: '123,171,116,177,107,183,99,186,101,193,101,198,106,197,115,194,128,188,138,181,146,174,152,169,146,166,129,166' },
      { _id: 3, map: '279,171,286,177,295,183,303,186,301,193,301,198,296,197,287,194,274,188,264,181,256,174,250,169,256,166,273,166' },
      { _id: 4, map: '99,186,99,183,109,179,117,172,124,167,131,162,129,166,115,178,107,183' },
      { _id: 4, map: '303,186,303,183,293,179,285,172,278,167,271,162,273,166,287,178,295,183' },
      { _id: 4, map: '114,198,101,198,110,196,120,192,131,186,138,181,152,169,152,174,147,178,141,184,131,190,121,195' },
      { _id: 4, map: '288,198,301,198,292,196,282,192,271,186,264,181,250,169,250,174,255,178,261,184,271,190,281,195' },
      { _id: 5, map: '55,216,63,209,73,200,82,192,89,188,99,183,99,186,101,193,101,198,115,198,111,202,103,209,88,216,78,219,68,223,60,228,56,232,49,221' },
      { _id: 5, map: '347,216,339,209,329,200,320,192,313,188,303,183,303,186,301,193,301,198,287,198,291,202,299,209,314,216,324,219,334,223,342,228,346,232,353,221' },
      { _id: 6, map: '155,163,160,173,163,179,167,184,173,188,181,188,191,186,200,181,200,150,194,146,185,143,176,145,168,148,161,154,157,159' },
      { _id: 6, map: '247,163,242,173,239,179,235,184,229,188,221,188,211,186,202,181,202,150,208,146,217,143,226,145,234,148,241,154,245,159' },
      { _id: 7, map: '159,171,163,179,166,183,170,186,172,187,172,194,174,199,178,202,177,207,178,211,183,214,176,219,175,225,179,232,177,234,176,237,176,245,177,253,180,261,176,259,169,256,166,254,166,247,167,241,168,235,169,226,168,217,164,205,162,197,159,191' },
      { _id: 7, map: '243,171,239,179,236,183,232,186,230,187,230,194,228,199,224,202,225,207,224,211,219,214,226,219,227,225,223,232,225,234,226,237,226,245,225,253,222,261,226,259,233,256,236,254,236,247,235,241,234,235,233,226,234,217,238,205,240,197,243,191' },
      { _id: 8, map: '172,187,172,194,174,199,178,202,177,205,177,210,182,214,176,219,175,225,179,232,176,236,176,246,177,254,180,261,188,268,200,271,200,181,196,183,191,186,186,187,181,188,175,188' },
      { _id: 8, map: '230,187,230,194,228,199,224,202,225,205,225,210,220,214,226,219,227,225,223,232,226,236,226,246,225,254,222,261,214,268,202,271,202,181,206,183,211,186,216,187,221,188,227,188' },
      { _id: 10, map: '155,163,159,170,159,191,154,175,152,173,152,169' },
      { _id: 10, map: '247,163,243,170,243,191,248,175,250,173,250,169' },
      { _id: 13, map: '151,344,154,370,156,372,158,367,160,356,163,354,164,361,164,366,166,373,169,377,172,379,177,377,180,371,182,361,184,350,186,343,188,334,190,326,193,315,195,305,199,302,195,297,190,288,187,279,182,271,177,266,172,262,168,259,165,260,163,267,161,275,159,285,157,290,155,298,153,304,151,313,150,324,150,328' },
      { _id: 13, map: '251,344,248,370,246,372,244,367,242,356,239,354,238,361,238,366,236,373,233,377,230,379,225,377,222,371,220,361,218,350,216,343,214,334,212,326,209,315,207,305,203,302,207,297,212,288,215,279,220,271,225,266,230,262,234,259,237,260,239,267,241,275,243,285,245,290,247,298,249,304,251,313,252,324,252,328' },
      { _id: 14, map: '151,397,147,406,144,416,143,424,143,431,144,438,146,448,149,458,152,466,152,458,150,452,149,445,148,436,148,425,149,415,151,405,152,399' },
      { _id: 14, map: '251,397,255,406,258,416,259,424,259,431,258,438,256,448,253,458,250,466,250,458,252,452,253,445,254,436,254,425,253,415,251,405,250,399' },
      { _id: 15, map: '174,400,169,408,165,416,162,424,160,435,160,451,161,465,166,450,170,442,173,433,175,421,175,417,174,411' },
      { _id: 15, map: '228,400,233,408,237,416,240,424,242,435,242,451,241,465,236,450,232,442,229,433,227,421,227,417,228,411' },
    ]
  },
  {
    _id: 9,
    front: [
      { _id: 0, map: '185,118,190,122,195,125,200,126,200,150,194,146,185,143' },
      { _id: 0, map: '217,118,212,122,207,125,202,126,202,150,208,146,217,143' },
      { _id: 1, map: '162,138,166,139,171,141,175,143,185,143,185,131,185,127,179,130,171,133' },
      { _id: 1, map: '240,138,236,139,231,141,227,143,217,143,217,131,217,127,223,130,231,133' },
      { _id: 2, map: '135,155,139,150,143,146,147,142,152,140,156,139,162,138,166,139,171,141,175,143,168,148,162,153,158,158,155,163,152,169,145,166,129,166,131,161' },
      { _id: 2, map: '267,155,263,150,259,146,255,142,250,140,246,139,240,138,236,139,231,141,227,143,234,148,240,153,244,158,247,163,250,169,257,166,273,166,271,161' },
      { _id: 3, map: '123,171,116,177,107,183,99,186,101,193,101,198,106,197,115,194,128,188,138,181,146,174,152,169,146,166,129,166' },
      { _id: 3, map: '279,171,286,177,295,183,303,186,301,193,301,198,296,197,287,194,274,188,264,181,256,174,250,169,256,166,273,166' },
      { _id: 4, map: '99,186,99,183,110,178,115,173,125,166,131,161,129,166,115,178,107,183' },
      { _id: 4, map: '303,186,303,183,292,178,287,173,277,166,271,161,273,166,287,178,295,183' },
      { _id: 4, map: '115,198,101,198,110,196,120,192,131,186,138,181,152,169,152,174,147,178,140,185,130,191,121,195' },
      { _id: 4, map: '287,198,301,198,292,196,282,192,271,186,264,181,250,169,250,174,255,178,262,185,272,191,281,195' },
      { _id: 5, map: '55,216,63,209,73,200,82,192,89,188,99,183,99,186,101,193,101,198,115,198,111,202,102,210,89,216,78,219,68,223,61,227,56,231,49,221' },
      { _id: 5, map: '347,216,339,209,329,200,320,192,313,188,303,183,303,186,301,193,301,198,287,198,291,202,300,210,313,216,324,219,334,223,341,227,346,231,353,221' },
      { _id: 6, map: '155,163,160,174,163,179,168,186,173,188,181,188,191,187,200,181,200,150,194,146,185,143,175,143,166,149,161,154,157,159' },
      { _id: 6, map: '247,163,242,174,239,179,234,186,229,188,221,188,211,187,202,181,202,150,208,146,217,143,227,143,236,149,241,154,245,159' },
      { _id: 7, map: '159,173,163,179,165,182,168,186,172,187,172,194,174,199,178,202,177,207,178,211,182,214,175,219,174,225,179,232,177,234,176,238,177,248,178,255,180,261,176,259,170,257,166,254,165,249,166,242,168,233,169,226,168,217,164,205,162,197,159,191' },
      { _id: 7, map: '243,173,239,179,237,182,234,186,230,187,230,194,228,199,224,202,225,207,224,211,220,214,227,219,228,225,223,232,225,234,226,238,225,248,224,255,222,261,226,259,232,257,236,254,237,249,236,242,234,233,233,226,234,217,238,205,240,197,243,191' },
      { _id: 8, map: '172,188,172,194,174,199,178,202,177,205,177,209,181,214,175,219,174,225,179,232,176,236,176,241,177,251,180,261,189,268,200,270,200,181,195,184,191,187,186,187,182,188,177,188' },
      { _id: 8, map: '230,188,230,194,228,199,224,202,225,205,225,209,221,214,227,219,228,225,223,232,226,236,226,241,225,251,222,261,213,268,202,270,202,181,207,184,211,187,216,187,220,188,225,188' },
      { _id: 10, map: '155,163,159,173,159,195,154,176,152,174,152,168' },
      { _id: 10, map: '247,163,243,173,243,195,248,176,250,174,250,168' },
      { _id: 13, map: '151,348,154,367,156,371,158,369,160,356,163,354,164,361,164,366,166,373,169,377,172,379,177,377,180,371,183,357,185,348,187,340,190,329,192,320,194,312,196,306,199,302,195,297,190,288,187,279,183,271,178,266,174,263,168,260,165,260,163,266,161,274,159,285,157,290,155,298,153,304,151,313,150,322,150,328' },
      { _id: 13, map: '251,348,248,367,246,371,244,369,242,356,239,354,238,361,238,366,236,373,233,377,230,379,225,377,222,371,219,357,217,348,215,340,212,329,210,320,208,312,206,306,203,302,207,297,212,288,215,279,219,271,224,266,228,263,234,260,237,260,239,266,241,274,243,285,245,290,247,298,249,304,251,313,252,322,252,328' },
      { _id: 14, map: '151,397,147,406,144,416,143,424,143,431,144,438,146,448,149,458,152,466,152,458,150,452,149,445,148,436,148,425,149,415,151,405,152,399' },
      { _id: 14, map: '251,397,255,406,258,416,259,424,259,431,258,438,256,448,253,458,250,466,250,458,252,452,253,445,254,436,254,425,253,415,251,405,250,399' },
      { _id: 15, map: '174,399,169,407,165,416,162,424,160,435,160,451,161,463,166,451,170,443,173,435,175,422,175,417,174,411' },
      { _id: 15, map: '228,399,233,407,237,416,240,424,242,435,242,451,241,463,236,451,232,443,229,435,227,422,227,417,228,411' },
    ]
  },
  {
    _id: 10,
    front: [
      { _id: 0, map: '185,118,190,122,195,125,200,126,200,150,194,146,185,143' },
      { _id: 0, map: '217,118,212,122,207,125,202,126,202,150,208,146,217,143' },
      { _id: 1, map: '162,138,167,139,172,141,176,143,185,143,185,131,185,127,179,130,171,133' },
      { _id: 1, map: '240,138,235,139,230,141,226,143,217,143,217,131,217,127,223,130,231,133' },
      { _id: 2, map: '134,155,138,150,142,146,148,141,154,139,158,138,162,138,167,139,172,141,177,143,168,149,162,154,158,159,155,163,153,169,145,166,129,166,129,163' },
      { _id: 2, map: '268,155,264,150,260,146,254,141,248,139,244,138,240,138,235,139,230,141,225,143,234,149,240,154,244,159,247,163,249,169,257,166,273,166,273,163' },
      { _id: 3, map: '122,171,115,177,108,182,99,186,101,193,101,198,106,197,115,194,128,188,138,181,147,174,153,169,146,166,129,166' },
      { _id: 3, map: '280,171,287,177,294,182,303,186,301,193,301,198,296,197,287,194,274,188,264,181,255,174,249,169,256,166,273,166' },
      { _id: 4, map: '99,186,99,183,109,178,116,172,123,167,129,163,129,166,114,178,108,182' },
      { _id: 4, map: '303,186,303,183,293,178,286,172,279,167,273,163,273,166,288,178,294,182' },
      { _id: 4, map: '115,198,101,198,110,196,120,192,131,186,138,181,153,169,153,173,146,180,141,185,131,191,122,195' },
      { _id: 4, map: '287,198,301,198,292,196,282,192,271,186,264,181,249,169,249,173,256,180,261,185,271,191,280,195' },
      { _id: 5, map: '55,215,63,208,73,199,80,193,89,187,99,183,101,195,101,198,115,198,111,203,103,209,92,215,80,218,69,222,62,226,56,230,49,220' },
      { _id: 5, map: '347,215,339,208,329,199,322,193,313,187,303,183,301,195,301,198,287,198,291,203,299,209,310,215,322,218,333,222,340,226,346,230,353,220' },
      { _id: 6, map: '155,163,159,173,162,179,167,186,173,189,181,189,192,187,200,181,200,150,194,146,186,143,177,143,168,149,162,154,157,160' },
      { _id: 6, map: '247,163,243,173,240,179,235,186,229,189,221,189,210,187,202,181,202,150,208,146,216,143,225,143,234,149,240,154,245,160' },
      { _id: 7, map: '159,173,163,180,166,185,169,187,172,188,172,194,174,199,178,202,176,207,177,211,181,214,174,220,174,225,177,231,176,234,175,240,176,247,178,253,181,262,177,260,171,257,166,255,165,249,166,241,168,232,168,226,168,218,164,206,162,198,159,191' },
      { _id: 7, map: '243,173,239,180,236,185,233,187,230,188,230,194,228,199,224,202,226,207,225,211,221,214,228,220,228,225,225,231,226,234,227,240,226,247,224,253,221,262,225,260,231,257,236,255,237,249,236,241,234,232,234,226,234,218,238,206,240,198,243,191' },
      { _id: 8, map: '172,189,172,194,174,199,178,202,176,206,176,209,180,214,174,220,174,225,177,231,176,233,175,241,177,251,181,262,190,268,200,270,200,181,196,184,192,187,187,188,181,189,177,189' },
      { _id: 8, map: '230,189,230,194,228,199,224,202,226,206,226,209,222,214,228,220,228,225,225,231,226,233,227,241,225,251,221,262,212,268,202,270,202,181,206,184,210,187,215,188,221,189,225,189' },
      { _id: 10, map: '155,163,159,173,159,195,154,176,153,175,153,168' },
      { _id: 10, map: '247,163,243,173,243,195,248,176,249,175,249,168' },
      { _id: 13, map: '151,349,154,368,155,371,157,368,159,354,161,354,162,358,163,368,165,373,168,378,172,379,177,377,180,371,183,358,185,348,187,341,190,331,192,322,194,313,196,306,199,302,195,297,190,288,187,280,184,274,179,268,174,263,169,260,165,259,163,264,161,272,159,283,157,288,155,295,153,303,151,311,150,320,150,325,150,334' },
      { _id: 13, map: '251,349,248,368,247,371,245,368,243,354,241,354,240,358,239,368,237,373,234,378,230,379,225,377,222,371,219,358,217,348,215,341,212,331,210,322,208,313,206,306,203,302,207,297,212,288,215,280,218,274,223,268,228,263,233,260,237,259,239,264,241,272,243,283,245,288,247,295,249,303,251,311,252,320,252,325,252,334' },
      { _id: 14, map: '151,397,147,406,144,416,143,424,143,431,144,438,146,448,149,458,152,466,153,461,151,453,150,445,149,436,149,425,150,415,151,405,152,399' },
      { _id: 14, map: '251,397,255,406,258,416,259,424,259,431,258,438,256,448,253,458,250,466,249,461,251,453,252,445,253,436,253,425,252,415,251,405,250,399' },
      { _id: 15, map: '174,399,169,407,165,416,162,424,160,435,160,451,161,463,166,451,170,443,173,435,175,422,175,417,174,411' },
      { _id: 15, map: '228,399,233,407,237,416,240,424,242,435,242,451,241,463,236,451,232,443,229,435,227,422,227,417,228,411' },
    ]
  },
  {
    _id: 11,
    front: [
      { _id: 0, map: '185,118,190,122,195,125,200,126,200,149,193,145,185,143' },
      { _id: 0, map: '217,118,212,122,207,125,202,126,202,149,209,145,217,143' },
      { _id: 1, map: '162,137,168,140,174,143,185,143,185,130,185,126,178,130,171,133' },
      { _id: 1, map: '240,137,234,140,228,143,217,143,217,130,217,126,224,130,231,133' },
      { _id: 2, map: '134,155,137,151,141,146,148,141,153,139,158,138,162,137,169,140,174,143,162,154,155,163,153,169,145,166,129,166,129,163' },
      { _id: 2, map: '268,155,265,151,261,146,254,141,249,139,244,138,240,137,233,140,228,143,240,154,247,163,249,169,257,166,273,166,273,163' },
      { _id: 3, map: '122,171,115,177,107,182,99,186,101,193,101,198,106,197,115,194,128,188,139,181,147,175,153,169,146,166,129,166' },
      { _id: 3, map: '280,171,287,177,295,182,303,186,301,193,301,198,296,197,287,194,274,188,263,181,255,175,249,169,256,166,273,166' },
      { _id: 4, map: '99,186,99,182,108,178,116,172,121,168,129,163,129,166,115,177,107,182' },
      { _id: 4, map: '303,186,303,182,294,178,286,172,281,168,273,163,273,166,287,177,295,182' },
      { _id: 4, map: '115,198,101,198,110,196,120,192,131,186,139,181,153,169,153,174,145,181,141,185,131,191,122,195' },
      { _id: 4, map: '287,198,301,198,292,196,282,192,271,186,263,181,249,169,249,174,257,181,261,185,271,191,280,195' },
      { _id: 5, map: '58,212,63,208,73,199,80,193,89,187,99,182,101,195,101,198,115,198,111,203,102,209,90,215,77,219,69,222,62,226,56,230,49,220' },
      { _id: 5, map: '344,212,339,208,329,199,322,193,313,187,303,182,301,195,301,198,287,198,291,203,300,209,312,215,325,219,333,222,340,226,346,230,353,220' },
      { _id: 6, map: '155,163,159,173,162,179,167,186,173,189,181,189,192,187,200,181,200,149,193,145,185,143,174,143,163,153' },
      { _id: 6, map: '247,163,243,173,240,179,235,186,229,189,221,189,210,187,202,181,202,149,209,145,217,143,228,143,239,153' },
      { _id: 7, map: '159,173,163,181,166,185,169,187,172,188,172,194,175,199,178,202,176,207,177,211,181,214,175,219,175,226,178,232,177,234,176,240,176,248,178,256,180,262,176,260,170,257,166,255,165,249,166,239,168,232,168,226,167,217,164,207,162,200,159,193' },
      { _id: 7, map: '243,173,239,181,236,185,233,187,230,188,230,194,227,199,224,202,226,207,225,211,221,214,227,219,227,226,224,232,225,234,226,240,226,248,224,256,222,262,226,260,232,257,236,255,237,249,236,239,234,232,234,226,235,217,238,207,240,200,243,193' },
      { _id: 8, map: '172,189,172,194,175,199,178,202,176,206,176,209,180,214,175,219,175,226,178,231,177,234,176,239,176,249,180,262,189,268,200,270,200,181,196,184,192,187,187,188,181,189,177,189' },
      { _id: 8, map: '230,189,230,194,227,199,224,202,226,206,226,209,222,214,227,219,227,226,224,231,225,234,226,239,226,249,222,262,213,268,202,270,202,181,206,184,210,187,215,188,221,189,225,189' },
      { _id: 10, map: '155,163,159,173,159,195,154,176,153,175,153,167' },
      { _id: 10, map: '247,163,243,173,243,195,248,176,249,175,249,167' },
      { _id: 13, map: '151,352,154,365,156,367,158,362,159,354,162,353,162,358,163,368,165,373,168,378,172,379,177,377,180,371,183,360,185,350,187,343,190,332,192,324,194,316,196,307,199,302,195,297,190,288,187,280,184,273,180,268,174,263,169,260,165,259,163,263,161,272,159,281,157,288,154,296,152,303,151,309,150,317,150,325,150,334' },
      { _id: 13, map: '251,352,248,365,246,367,244,362,243,354,240,353,240,358,239,368,237,373,234,378,230,379,225,377,222,371,219,360,217,350,215,343,212,332,210,324,208,316,206,307,203,302,207,297,212,288,215,280,218,273,222,268,228,263,233,260,237,259,239,263,241,272,243,281,245,288,248,296,250,303,251,309,252,317,252,325,252,334' },
      { _id: 14, map: '150,397,146,406,143,416,142,424,142,431,143,438,145,448,148,458,152,468,153,464,151,455,149,445,148,436,148,425,149,415,150,405,151,399' },
      { _id: 14, map: '252,397,256,406,259,416,260,424,260,431,259,438,257,448,254,458,250,468,249,464,251,455,253,445,254,436,254,425,253,415,252,405,251,399' },
      { _id: 15, map: '174,399,169,407,165,416,162,427,160,440,160,451,161,463,166,451,170,443,173,435,175,422,175,415,174,411' },
      { _id: 15, map: '228,399,233,407,237,416,240,427,242,440,242,451,241,463,236,451,232,443,229,435,227,422,227,415,228,411' },
    ]
  },
  {
    _id: 12,
    front: [
      { _id: 0, map: '185,118,190,122,195,125,200,126,200,149,194,146,185,144' },
      { _id: 0, map: '217,118,212,122,207,125,202,126,202,149,208,146,217,144' },
      { _id: 1, map: '162,137,165,138,170,141,174,145,185,144,185,125,177,130,171,133' },
      { _id: 1, map: '240,137,237,138,232,141,228,145,217,144,217,125,225,130,231,133' },
      { _id: 2, map: '133,156,136,152,141,146,147,141,152,139,159,137,162,137,165,138,170,141,174,145,168,150,162,156,158,160,154,165,152,169,145,166,129,166,129,163' },
      { _id: 2, map: '269,156,266,152,261,146,255,141,250,139,243,137,240,137,237,138,232,141,228,145,234,150,240,156,244,160,248,165,250,169,257,166,273,166,273,163' },
      { _id: 3, map: '122,171,115,177,108,181,99,186,101,193,101,198,106,197,116,194,128,188,140,181,147,175,152,169,146,166,129,166' },
      { _id: 3, map: '280,171,287,177,294,181,303,186,301,193,301,198,296,197,286,194,274,188,262,181,255,175,250,169,256,166,273,166' },
      { _id: 4, map: '99,186,99,182,109,177,116,172,122,167,129,163,129,166,119,174,112,179' },
      { _id: 4, map: '303,186,303,182,293,177,286,172,280,167,273,163,273,166,283,174,290,179' },
      { _id: 4, map: '115,198,101,198,110,196,120,192,131,186,140,181,151,170,151,175,145,182,140,186,131,191,123,195' },
      { _id: 4, map: '287,198,301,198,292,196,282,192,271,186,262,181,251,170,251,175,257,182,262,186,271,191,279,195' },
      { _id: 5, map: '58,212,64,206,71,200,78,194,88,187,99,182,101,195,101,198,115,198,110,204,103,209,91,215,77,219,69,222,62,226,56,230,49,220' },
      { _id: 5, map: '344,212,338,206,331,200,324,194,314,187,303,182,301,195,301,198,287,198,292,204,299,209,311,215,325,219,333,222,340,226,346,230,353,220' },
      { _id: 6, map: '154,165,158,173,161,179,166,186,172,189,181,190,192,187,200,181,200,149,195,146,185,144,174,145,168,150,162,156,157,161' },
      { _id: 6, map: '248,165,244,173,241,179,236,186,230,189,221,190,210,187,202,181,202,149,207,146,217,144,228,145,234,150,240,156,245,161' },
      { _id: 7, map: '159,175,163,182,166,186,169,188,172,189,171,196,173,200,177,203,176,207,177,211,180,214,175,219,175,225,178,231,176,233,176,243,178,253,180,261,175,258,170,255,166,253,165,243,166,237,168,226,167,219,164,208,162,200,159,194' },
      { _id: 7, map: '243,175,239,182,236,186,233,188,230,189,231,196,229,200,225,203,226,207,225,211,222,214,227,219,227,225,224,231,226,233,226,243,224,253,222,261,227,258,232,255,236,253,237,243,236,237,234,226,235,219,238,208,240,200,243,194' },
      { _id: 8, map: '172,189,171,196,172,200,177,203,176,206,176,209,179,214,175,219,175,226,178,230,176,233,176,244,178,254,180,261,189,267,200,269,200,181,196,184,192,187,188,188,183,189,177,190' },
      { _id: 8, map: '230,189,231,196,230,200,225,203,226,206,226,209,223,214,227,219,227,226,224,230,226,233,226,244,224,254,222,261,213,267,202,269,202,181,206,184,210,187,214,188,219,189,225,190' },
      { _id: 10, map: '154,165,159,175,159,195,153,178,151,175,151,170' },
      { _id: 10, map: '248,165,243,175,243,195,249,178,251,175,251,170' },
      { _id: 13, map: '151,352,153,367,156,368,158,362,159,354,162,353,162,358,163,368,165,373,168,378,172,379,177,377,180,373,183,361,185,352,188,341,190,334,193,322,195,314,197,307,199,302,195,297,190,288,187,278,182,270,177,265,172,261,167,258,165,258,163,263,161,270,159,279,157,286,154,296,152,303,151,309,150,317,149,327,149,333' },
      { _id: 13, map: '251,352,249,367,246,368,244,362,243,354,240,353,240,358,239,368,237,373,234,378,230,379,225,377,222,373,219,361,217,352,214,341,212,334,209,322,207,314,205,307,203,302,207,297,212,288,215,278,220,270,225,265,230,261,235,258,237,258,239,263,241,270,243,279,245,286,248,296,250,303,251,309,252,317,253,327,253,333' },
      { _id: 14, map: '150,397,146,406,143,416,142,424,142,431,143,438,145,448,148,458,152,468,153,464,151,455,149,445,148,436,148,425,149,415,150,405,151,399' },
      { _id: 14, map: '252,397,256,406,259,416,260,424,260,431,259,438,257,448,254,458,250,468,249,464,251,455,253,445,254,436,254,425,253,415,252,405,251,399' },
      { _id: 15, map: '174,399,169,407,165,416,162,427,160,440,160,451,161,462,166,451,170,443,173,435,175,422,175,415,174,411' },
      { _id: 15, map: '228,399,233,407,237,416,240,427,242,440,242,451,241,462,236,451,232,443,229,435,227,422,227,415,228,411' },
    ]
  },
  {
    _id: 13,
    front: [
      { _id: 0, map: '185,117,190,122,196,125,200,125,200,153,194,149,185,147' },
      { _id: 0, map: '217,117,212,122,206,125,202,125,202,153,208,149,217,147' },
      { _id: 1, map: '162,137,167,139,172,142,176,147,185,147,185,125,178,129,171,133' },
      { _id: 1, map: '240,137,235,139,230,142,226,147,217,147,217,125,224,129,231,133' },
      { _id: 2, map: '133,156,136,152,141,146,147,141,152,139,159,137,162,137,167,139,171,141,176,147,168,151,162,156,158,160,154,165,152,169,145,166,129,166,129,163' },
      { _id: 2, map: '269,156,266,152,261,146,255,141,250,139,243,137,240,137,235,139,231,141,226,147,234,151,240,156,244,160,248,165,250,169,257,166,273,166,273,163' },
      { _id: 3, map: '122,171,115,177,108,181,99,186,101,193,101,198,106,197,116,194,128,188,140,181,147,175,152,169,146,166,129,166' },
      { _id: 3, map: '280,171,287,177,294,181,303,186,301,193,301,198,296,197,286,194,274,188,262,181,255,175,250,169,256,166,273,166' },
      { _id: 4, map: '99,186,99,182,109,177,118,170,122,167,129,162,129,166,119,174,112,179' },
      { _id: 4, map: '303,186,303,182,293,177,284,170,280,167,273,162,273,166,283,174,290,179' },
      { _id: 4, map: '115,198,101,198,110,196,120,192,131,186,140,181,151,171,151,175,145,182,140,186,130,192,123,195' },
      { _id: 4, map: '287,198,301,198,292,196,282,192,271,186,262,181,251,171,251,175,257,182,262,186,272,192,279,195' },
      { _id: 5, map: '58,211,65,205,71,200,76,195,87,187,99,182,101,194,101,198,115,198,110,204,103,209,91,215,77,219,69,222,62,226,56,230,49,219' },
      { _id: 5, map: '344,211,337,205,331,200,326,195,315,187,303,182,301,194,301,198,287,198,292,204,299,209,311,215,325,219,333,222,340,226,346,230,353,219' },
      { _id: 6, map: '154,165,158,173,161,179,166,187,171,190,180,190,192,187,200,181,200,153,194,149,185,147,176,147,168,151,162,156,157,161' },
      { _id: 6, map: '248,165,244,173,241,179,236,187,231,190,222,190,210,187,202,181,202,153,208,149,217,147,226,147,234,151,240,156,245,161' },
      { _id: 7, map: '159,176,162,181,165,186,169,189,172,190,171,196,173,201,177,203,176,207,177,211,180,214,175,219,175,225,178,231,176,233,176,242,178,252,181,260,176,258,170,255,166,253,165,243,166,237,167,232,167,219,164,208,162,201,159,195' },
      { _id: 7, map: '243,176,240,181,237,186,233,189,230,190,231,196,229,201,225,203,226,207,225,211,222,214,227,219,227,225,224,231,226,233,226,242,224,252,221,260,226,258,232,255,236,253,237,243,236,237,235,232,235,219,238,208,240,201,243,195' },
      { _id: 8, map: '172,190,171,196,172,200,177,203,176,206,176,209,179,214,175,219,175,226,178,230,176,233,176,243,178,253,181,260,189,266,200,268,200,181,196,184,192,187,188,188,183,189,177,190' },
      { _id: 8, map: '230,190,231,196,230,200,225,203,226,206,226,209,223,214,227,219,227,226,224,230,226,233,226,243,224,253,221,260,213,266,202,268,202,181,206,184,210,187,214,188,219,189,225,190' },
      { _id: 10, map: '154,165,159,175,159,195,153,178,151,175,151,170' },
      { _id: 10, map: '248,165,243,175,243,195,249,178,251,175,251,170' },
      { _id: 13, map: '150,345,153,369,156,368,158,362,159,354,162,353,162,358,163,368,165,373,168,378,172,379,177,377,180,374,183,363,185,353,188,342,190,335,193,323,195,315,197,308,199,302,195,297,190,288,186,277,182,269,176,263,171,259,166,257,164,258,163,261,161,270,160,274,157,286,154,294,152,302,150,309,149,317,149,324,149,333' },
      { _id: 13, map: '252,345,249,369,246,368,244,362,243,354,240,353,240,358,239,368,237,373,234,378,230,379,225,377,222,374,219,363,217,353,214,342,212,335,209,323,207,315,205,308,203,302,207,297,212,288,216,277,220,269,226,263,231,259,236,257,238,258,239,261,241,270,242,274,245,286,248,294,250,302,252,309,253,317,253,324,253,333' },
      { _id: 14, map: '150,395,146,405,143,415,142,424,142,431,143,438,145,448,148,458,152,468,153,464,151,455,149,445,148,436,148,425,149,415,150,405,151,398' },
      { _id: 14, map: '252,395,256,405,259,415,260,424,260,431,259,438,257,448,254,458,250,468,249,464,251,455,253,445,254,436,254,425,253,415,252,405,251,398' },
      { _id: 15, map: '174,399,169,407,165,416,162,427,160,440,160,451,161,464,166,451,170,444,173,436,175,424,175,415,174,406' },
      { _id: 15, map: '228,399,233,407,237,416,240,427,242,440,242,451,241,464,236,451,232,444,229,436,227,424,227,415,228,406' },
    ]
  },
  {
    _id: 14,
    front: [
      { _id: 0, map: '185,116,190,121,195,124,200,125,200,153,194,149,185,146' },
      { _id: 0, map: '217,116,212,121,207,124,202,125,202,153,208,149,217,146' },
      { _id: 1, map: '162,137,166,139,171,142,175,146,185,146,185,124,177,129,170,133' },
      { _id: 1, map: '240,137,236,139,231,142,227,146,217,146,217,124,225,129,232,133' },
      { _id: 2, map: '132,156,135,152,139,147,145,142,151,139,157,137,162,137,166,139,171,142,175,146,168,150,162,156,158,160,154,165,152,169,145,166,129,166,129,162' },
      { _id: 2, map: '270,156,267,152,263,147,257,142,251,139,245,137,240,137,236,139,231,142,227,146,234,150,240,156,244,160,248,165,250,169,257,166,273,166,273,162' },
      { _id: 3, map: '122,171,115,177,108,181,99,186,101,193,101,198,106,197,116,194,128,188,140,181,147,175,152,169,146,166,129,166' },
      { _id: 3, map: '280,171,287,177,294,181,303,186,301,193,301,198,296,197,286,194,274,188,262,181,255,175,250,169,256,166,273,166' },
      { _id: 4, map: '99,186,98,182,108,177,116,171,121,167,129,162,129,166,119,174,112,179' },
      { _id: 4, map: '303,186,304,182,294,177,286,171,281,167,273,162,273,166,283,174,290,179' },
      { _id: 4, map: '116,198,101,198,110,196,120,192,132,186,140,181,151,171,151,176,146,181,140,186,130,192,123,195' },
      { _id: 4, map: '286,198,301,198,292,196,282,192,270,186,262,181,251,171,251,176,256,181,262,186,272,192,279,195' },
      { _id: 5, map: '58,211,65,205,71,200,76,195,87,187,98,182,101,192,101,198,115,198,110,204,102,210,92,215,78,219,69,222,62,226,56,230,49,219' },
      { _id: 5, map: '344,211,337,205,331,200,326,195,315,187,304,182,301,192,301,198,287,198,292,204,300,210,310,215,324,219,333,222,340,226,346,230,353,219' },
      { _id: 6, map: '154,165,157,173,160,179,166,188,171,191,180,191,192,187,200,181,200,153,194,149,185,146,175,146,168,150,162,156,157,161' },
      { _id: 6, map: '248,165,245,173,242,179,236,188,231,191,222,191,210,187,202,181,202,153,208,149,217,146,227,146,234,150,240,156,245,161' },
      { _id: 7, map: '159,177,162,182,164,185,167,189,172,191,171,196,173,201,176,203,175,207,176,211,179,214,174,219,175,225,178,230,176,233,176,242,178,251,181,259,175,256,169,254,165,252,165,245,165,240,167,227,166,219,164,209,162,202,159,196' },
      { _id: 7, map: '243,177,240,182,238,185,235,189,230,191,231,196,229,201,226,203,227,207,226,211,223,214,228,219,227,225,224,230,226,233,226,242,224,251,221,259,227,256,233,254,237,252,237,245,237,240,235,227,236,219,238,209,240,202,243,196' },
      { _id: 8, map: '172,191,171,196,172,200,176,203,175,206,175,209,178,214,174,219,174,223,178,230,176,232,176,243,178,252,181,259,189,265,200,267,200,180,197,183,193,186,188,188,183,190,177,191' },
      { _id: 8, map: '230,191,231,196,230,200,226,203,227,206,227,209,224,214,228,219,228,223,224,230,226,232,226,243,224,252,221,259,213,265,202,267,202,180,205,183,209,186,214,188,219,190,225,191' },
      { _id: 10, map: '152,169,154,165,159,177,159,196,153,179,151,175,151,171' },
      { _id: 10, map: '250,169,248,165,243,177,243,196,249,179,251,175,251,171' },
      { _id: 13, map: '150,348,153,369,156,368,158,359,159,354,162,353,162,358,163,368,165,373,168,378,172,379,177,377,180,374,183,363,185,354,188,342,190,336,193,326,195,317,197,310,199,302,195,297,190,288,187,277,182,267,177,262,172,259,167,257,164,257,162,263,161,268,160,274,157,285,154,293,152,300,150,308,149,317,149,324,149,333' },
      { _id: 13, map: '252,348,249,369,246,368,244,359,243,354,240,353,240,358,239,368,237,373,234,378,230,379,225,377,222,374,219,363,217,354,214,342,212,336,209,326,207,317,205,310,203,302,207,297,212,288,215,277,220,267,225,262,230,259,235,257,238,257,240,263,241,268,242,274,245,285,248,293,250,300,252,308,253,317,253,324,253,333' },
      { _id: 14, map: '150,395,146,405,143,415,142,424,142,431,143,438,145,448,148,458,152,468,153,464,151,455,149,445,148,436,148,425,149,415,150,405,151,398' },
      { _id: 14, map: '252,395,256,405,259,415,260,424,260,431,259,438,257,448,254,458,250,468,249,464,251,455,253,445,254,436,254,425,253,415,252,405,251,398' },
      { _id: 15, map: '174,398,169,406,165,416,162,427,160,440,160,451,161,464,166,451,170,444,173,436,175,424,175,415,174,406' },
      { _id: 15, map: '228,398,233,406,237,416,240,427,242,440,242,451,241,464,236,451,232,444,229,436,227,424,227,415,228,406' },
    ]
  },
  {
    _id: 15,
    front: [
      { _id: 0, map: '184,115,189,120,196,124,200,124,200,153,194,149,184,146' },
      { _id: 0, map: '218,115,213,120,206,124,202,124,202,153,208,149,218,146' },
      { _id: 1, map: '162,137,167,139,172,142,176,146,184,146,184,125,176,129,169,133' },
      { _id: 1, map: '240,137,235,139,230,142,226,146,218,146,218,125,226,129,233,133' },
      { _id: 2, map: '132,156,135,152,139,147,145,142,150,139,156,137,162,137,165,138,171,141,176,146,168,151,162,156,158,160,154,165,152,169,145,165,129,165,129,161' },
      { _id: 2, map: '270,156,267,152,263,147,257,142,252,139,246,137,240,137,237,138,231,141,226,146,234,151,240,156,244,160,248,165,250,169,257,165,273,165,273,161' },
      { _id: 3, map: '122,171,115,176,108,181,99,186,101,193,101,198,106,197,116,194,128,188,140,181,147,175,152,169,146,165,129,165' },
      { _id: 3, map: '280,171,287,176,294,181,303,186,301,193,301,198,296,197,286,194,274,188,262,181,255,175,250,169,256,165,273,165' },
      { _id: 4, map: '99,186,98,182,108,177,116,171,123,165,129,161,129,165,121,172,108,181' },
      { _id: 4, map: '303,186,304,182,294,177,286,171,279,165,273,161,273,165,281,172,294,181' },
      { _id: 4, map: '116,198,101,198,110,196,120,192,132,186,140,181,151,171,151,176,147,181,141,186,131,192,123,195' },
      { _id: 4, map: '286,198,301,198,292,196,282,192,270,186,262,181,251,171,251,176,255,181,261,186,271,192,279,195' },
      { _id: 5, map: '56,212,62,207,69,201,76,195,86,187,98,182,101,192,101,198,116,198,110,204,102,210,91,215,76,219,68,222,61,226,56,229,49,219' },
      { _id: 5, map: '346,212,340,207,333,201,326,195,316,187,304,182,301,192,301,198,286,198,292,204,300,210,311,215,326,219,334,222,341,226,346,229,353,219' },
      { _id: 6, map: '154,165,157,173,160,179,166,188,171,191,180,191,192,187,200,181,200,153,194,149,184,146,176,146,168,151,162,156,157,161' },
      { _id: 6, map: '248,165,245,173,242,179,236,188,231,191,222,191,210,187,202,181,202,153,208,149,218,146,226,146,234,151,240,156,245,161' },
      { _id: 7, map: '159,177,162,182,164,185,167,189,172,191,171,196,173,201,176,203,174,207,175,211,178,214,174,219,175,226,178,230,176,231,176,240,178,251,181,260,175,257,170,254,165,253,164,245,164,237,166,227,165,219,164,213,162,204,159,198' },
      { _id: 7, map: '243,177,240,182,238,185,235,189,230,191,231,196,229,201,226,203,228,207,227,211,224,214,228,219,227,226,224,230,226,231,226,240,224,251,221,260,227,257,232,254,237,253,238,245,238,237,236,227,237,219,238,213,240,204,243,198' },
      { _id: 8, map: '172,191,171,196,172,200,176,203,174,206,175,211,178,214,174,218,174,224,178,230,176,231,176,241,178,251,181,260,189,266,200,268,200,180,197,183,193,186,188,188,183,190,177,191' },
      { _id: 8, map: '230,191,231,196,230,200,226,203,228,206,227,211,224,214,228,218,228,224,224,230,226,231,226,241,224,251,221,260,213,266,202,268,202,180,205,183,209,186,214,188,219,190,225,191' },
      { _id: 10, map: '152,169,154,165,159,177,159,198,153,180,151,176,151,172' },
      { _id: 10, map: '250,169,248,165,243,177,243,198,249,180,251,176,251,172' },
      { _id: 13, map: '150,351,153,369,156,368,158,359,159,354,162,353,163,358,163,368,165,373,168,378,172,379,177,377,181,373,184,361,185,355,188,344,190,337,193,328,195,319,198,307,199,303,195,299,190,288,187,277,182,268,177,262,172,259,167,257,164,257,162,261,161,268,160,274,157,284,154,292,152,300,150,308,149,317,148,328,148,333' },
      { _id: 13, map: '252,351,249,369,246,368,244,359,243,354,240,353,239,358,239,368,237,373,234,378,230,379,225,377,221,373,218,361,217,355,214,344,212,337,209,328,207,319,204,307,203,303,207,299,212,288,215,277,220,268,225,262,230,259,235,257,238,257,240,261,241,268,242,274,245,284,248,292,250,300,252,308,253,317,254,328,254,333' },
      { _id: 14, map: '150,395,146,405,143,415,142,424,142,431,143,438,145,448,148,458,152,468,153,464,151,455,149,445,148,436,148,425,149,415,150,405,151,398' },
      { _id: 14, map: '252,395,256,405,259,415,260,424,260,431,259,438,257,448,254,458,250,468,249,464,251,455,253,445,254,436,254,425,253,415,252,405,251,398' },
      { _id: 15, map: '174,398,169,406,165,416,162,427,160,440,160,451,161,464,166,451,170,444,173,436,175,424,175,415,174,406' },
      { _id: 15, map: '228,398,233,406,237,416,240,427,242,440,242,451,241,464,236,451,232,444,229,436,227,424,227,415,228,406' },
    ]
  },
  {
    _id: 16,
    front: [
      { _id: 0, map: '184,115,189,120,196,124,200,124,200,153,194,149,184,146' },
      { _id: 0, map: '218,115,213,120,206,124,202,124,202,153,208,149,218,146' },
      { _id: 1, map: '161,137,167,139,172,142,175,146,184,146,184,125,175,129,168,133' },
      { _id: 1, map: '241,137,235,139,230,142,227,146,218,146,218,125,227,129,234,133' },
      { _id: 2, map: '132,156,135,152,139,147,145,142,150,139,156,137,161,137,165,138,171,141,175,146,168,151,162,156,158,160,154,165,152,169,147,165,129,165,129,162' },
      { _id: 2, map: '270,156,267,152,263,147,257,142,252,139,246,137,241,137,237,138,231,141,227,146,234,151,240,156,244,160,248,165,250,169,255,165,273,165,273,162' },
      { _id: 3, map: '121,171,115,176,106,181,99,185,101,193,101,198,106,197,117,194,128,189,140,182,147,175,152,169,147,165,129,165' },
      { _id: 3, map: '281,171,287,176,296,181,303,185,301,193,301,198,296,197,285,194,274,189,262,182,255,175,250,169,255,165,273,165' },
      { _id: 4, map: '99,185,98,181,108,176,116,170,123,165,129,161,129,165,120,172,115,176' },
      { _id: 4, map: '303,185,304,181,294,176,286,170,279,165,273,161,273,165,282,172,287,176' },
      { _id: 4, map: '116,198,101,198,110,196,119,193,132,187,142,180,151,170,151,176,147,181,141,186,131,192,123,195' },
      { _id: 4, map: '286,198,301,198,292,196,283,193,270,187,260,180,251,170,251,176,255,181,261,186,271,192,279,195' },
      { _id: 5, map: '56,211,62,206,69,200,76,194,86,186,98,181,101,191,101,198,116,198,110,204,101,210,89,216,78,218,70,221,62,225,56,228,49,218' },
      { _id: 5, map: '346,211,340,206,333,200,326,194,316,186,304,181,301,191,301,198,286,198,292,204,301,210,313,216,324,218,332,221,340,225,346,228,353,218' },
      { _id: 6, map: '154,165,156,173,159,179,165,188,171,191,180,191,192,187,200,181,200,153,194,149,184,146,175,146,168,151,162,156,157,161' },
      { _id: 6, map: '248,165,246,173,243,179,237,188,231,191,222,191,210,187,202,181,202,153,208,149,218,146,227,146,234,151,240,156,245,161' },
      { _id: 7, map: '159,179,162,184,164,187,167,189,172,191,171,196,173,201,176,203,174,207,175,211,178,214,174,218,174,224,178,229,176,232,176,240,177,247,180,259,175,256,170,253,165,252,164,245,164,237,166,227,165,219,164,213,162,204,159,198' },
      { _id: 7, map: '243,179,240,184,238,187,235,189,230,191,231,196,229,201,226,203,228,207,227,211,224,214,228,218,228,224,224,229,226,232,226,240,225,247,222,259,227,256,232,253,237,252,238,245,238,237,236,227,237,219,238,213,240,204,243,198' },
      { _id: 8, map: '172,191,171,196,172,200,176,203,174,206,175,211,178,214,174,218,174,224,178,229,176,231,176,241,178,252,180,259,189,266,200,268,200,180,197,183,193,186,188,188,182,190,176,191' },
      { _id: 8, map: '230,191,231,196,230,200,226,203,228,206,227,211,224,214,228,218,228,224,224,229,226,231,226,241,224,252,222,259,213,266,202,268,202,180,205,183,209,186,214,188,220,190,226,191' },
      { _id: 10, map: '152,169,153,165,159,180,159,199,153,182,151,176,151,170' },
      { _id: 10, map: '250,169,249,165,243,180,243,199,249,182,251,176,251,170' },
      { _id: 13, map: '150,354,152,371,156,368,157,359,159,353,161,353,162,357,162,366,165,373,168,378,172,379,177,377,181,373,184,363,185,356,188,346,190,339,193,330,195,322,198,310,199,304,195,299,190,288,187,277,181,268,176,262,171,258,166,255,163,256,162,260,161,266,160,271,157,284,155,289,152,298,149,311,148,322,148,331,148,337' },
      { _id: 13, map: '252,354,250,371,246,368,245,359,243,353,241,353,240,357,240,366,237,373,234,378,230,379,225,377,221,373,218,363,217,356,214,346,212,339,209,330,207,322,204,310,203,304,207,299,212,288,215,277,221,268,226,262,231,258,236,255,239,256,240,260,241,266,242,271,245,284,247,289,250,298,253,311,254,322,254,331,254,337' },
      { _id: 14, map: '149,394,145,405,142,415,141,424,142,431,143,438,145,448,148,458,152,468,153,464,151,455,149,445,148,436,148,425,149,415,150,405,151,397' },
      { _id: 14, map: '253,394,257,405,260,415,261,424,260,431,259,438,257,448,254,458,250,468,249,464,251,455,253,445,254,436,254,425,253,415,252,405,251,397' },
      { _id: 15, map: '174,398,169,406,165,416,162,427,160,440,160,451,161,464,166,451,170,445,173,436,175,424,175,415,174,409,174,404' },
      { _id: 15, map: '228,398,233,406,237,416,240,427,242,440,242,451,241,464,236,451,232,445,229,436,227,424,227,415,228,409,228,404' },
    ]
  },
  {
    _id: 17,
    front: [
      { _id: 0, map: '184,115,189,120,196,124,200,124,200,153,194,149,184,147' },
      { _id: 0, map: '218,115,213,120,206,124,202,124,202,153,208,149,218,147' },
      { _id: 1, map: '160,137,165,139,171,142,175,147,184,147,184,124,179,127,175,129,171,131,166,134' },
      { _id: 1, map: '242,137,237,139,231,142,227,147,218,147,218,124,223,127,227,129,231,131,236,134' },
      { _id: 2, map: '131,157,134,152,138,147,144,142,149,139,154,137,160,137,165,139,171,142,175,147,168,151,162,156,158,160,154,166,152,172,147,167,140,165,134,165,129,165,129,161' },
      { _id: 2, map: '271,157,268,152,264,147,258,142,253,139,248,137,242,137,237,139,231,142,227,147,234,151,240,156,244,160,248,166,250,172,255,167,262,165,268,165,273,165,273,161' },
      { _id: 3, map: '121,171,115,176,106,181,99,185,100,189,101,193,101,198,106,197,117,194,128,189,140,182,147,176,152,171,147,167,142,165,136,165,129,165' },
      { _id: 3, map: '281,171,287,176,296,181,303,185,302,189,301,193,301,198,296,197,285,194,274,189,262,182,255,176,250,171,255,167,260,165,266,165,273,165' },
      { _id: 4, map: '99,185,98,181,108,176,116,170,123,165,129,161,129,165,120,172,115,176' },
      { _id: 4, map: '303,185,304,181,294,176,286,170,279,165,273,161,273,165,282,172,287,176' },
      { _id: 4, map: '115,199,101,198,110,196,119,193,132,187,142,180,151,172,151,177,147,182,141,187,130,193,122,196' },
      { _id: 4, map: '287,199,301,198,292,196,283,193,270,187,260,180,251,172,251,177,255,182,261,187,272,193,280,196' },
      { _id: 5, map: '56,211,62,205,69,199,76,193,87,185,98,181,101,191,101,198,115,199,109,205,102,210,90,216,78,218,70,221,63,225,55,229,48,218' },
      { _id: 5, map: '346,211,340,205,333,199,326,193,315,185,304,181,301,191,301,198,287,199,293,205,300,210,312,216,324,218,332,221,339,225,347,229,354,218' },
      { _id: 6, map: '154,166,156,173,159,181,165,189,171,192,181,191,192,187,200,181,200,153,194,149,184,147,175,147,168,151,162,156,157,161' },
      { _id: 6, map: '248,166,246,173,243,181,237,189,231,192,221,191,210,187,202,181,202,153,208,149,218,147,227,147,234,151,240,156,245,161' },
      { _id: 7, map: '159,180,162,185,164,188,167,190,171,192,171,197,173,201,176,203,174,207,175,211,178,214,174,218,174,224,177,229,176,232,176,239,177,247,181,260,175,256,170,252,165,250,164,245,164,237,165,230,165,220,164,215,162,205,159,198' },
      { _id: 7, map: '243,180,240,185,238,188,235,190,231,192,231,197,229,201,226,203,228,207,227,211,224,214,228,218,228,224,225,229,226,232,226,239,225,247,221,260,227,256,232,252,237,250,238,245,238,237,237,230,237,220,238,215,240,205,243,198' },
      { _id: 8, map: '171,192,171,196,172,200,176,203,174,206,175,211,178,214,174,218,174,224,177,229,176,231,176,240,178,252,181,260,191,266,200,267,200,180,197,183,193,186,187,189,181,191,174,192' },
      { _id: 8, map: '231,192,231,196,230,200,226,203,228,206,227,211,224,214,228,218,228,224,225,229,226,231,226,240,224,252,221,260,211,266,202,267,202,180,205,183,209,186,215,189,221,191,228,192' },
      { _id: 10, map: '152,172,154,166,159,180,159,199,154,187,151,177,151,172' },
      { _id: 10, map: '250,172,248,166,243,180,243,199,248,187,251,177,251,172' },
      { _id: 13, map: '150,354,152,371,156,368,157,359,159,353,161,353,162,357,162,366,165,373,168,378,172,379,177,377,182,372,184,364,185,358,188,348,190,341,193,332,196,322,199,307,199,304,195,299,190,288,187,276,181,266,176,261,172,257,166,254,163,255,162,258,161,263,160,270,157,282,155,289,152,298,149,309,148,322,148,331,148,340' },
      { _id: 13, map: '252,354,250,371,246,368,245,359,243,353,241,353,240,357,240,366,237,373,234,378,230,379,225,377,220,372,218,364,217,358,214,348,212,341,209,332,206,322,203,307,203,304,207,299,212,288,215,276,221,266,226,261,230,257,236,254,239,255,240,258,241,263,242,270,245,282,247,289,250,298,253,309,254,322,254,331,254,340' },
      { _id: 14, map: '149,394,145,405,142,415,141,424,142,431,143,438,145,448,148,458,152,468,153,464,151,455,149,445,148,436,148,425,149,415,150,405,151,397' },
      { _id: 14, map: '253,394,257,405,260,415,261,424,260,431,259,438,257,448,254,458,250,468,249,464,251,455,253,445,254,436,254,425,253,415,252,405,251,397' },
      { _id: 15, map: '174,398,169,406,165,416,162,427,160,440,160,451,161,464,166,451,170,445,173,436,175,424,175,415,174,409,174,404' },
      { _id: 15, map: '228,398,233,406,237,416,240,427,242,440,242,451,241,464,236,451,232,445,229,436,227,424,227,415,228,409,228,404' },
    ]
  },
  {
    _id: 18,
    front: [
      { _id: 0, map: '184,114,188,119,194,123,200,124,200,153,194,149,184,146' },
      { _id: 0, map: '218,114,214,119,208,123,202,124,202,153,208,149,218,146' },
      { _id: 1, map: '160,136,167,139,172,142,175,146,184,146,184,124,180,126,174,129,170,131,165,134' },
      { _id: 1, map: '242,136,235,139,230,142,227,146,218,146,218,124,222,126,228,129,232,131,237,134' },
      { _id: 2, map: '131,157,135,151,138,147,143,142,148,139,154,137,160,136,165,138,171,141,175,146,168,151,162,156,158,160,154,166,152,172,147,167,140,165,134,165,129,165,129,161' },
      { _id: 2, map: '271,157,267,151,264,147,259,142,254,139,248,137,242,136,237,138,231,141,227,146,234,151,240,156,244,160,248,166,250,172,255,167,262,165,268,165,273,165,273,161' },
      { _id: 3, map: '121,171,115,176,106,181,99,185,100,188,101,193,101,198,106,197,117,194,127,190,140,182,147,176,152,172,147,167,142,165,136,165,129,165' },
      { _id: 3, map: '281,171,287,176,296,181,303,185,302,188,301,193,301,198,296,197,285,194,275,190,262,182,255,176,250,172,255,167,260,165,266,165,273,165' },
      { _id: 4, map: '99,185,97,181,108,176,116,170,122,165,129,160,129,165,120,172,115,176' },
      { _id: 4, map: '303,185,305,181,294,176,286,170,280,165,273,160,273,165,282,172,287,176' },
      { _id: 4, map: '115,199,101,198,110,196,119,193,132,187,142,180,152,172,151,177,147,182,141,187,130,193,122,196' },
      { _id: 4, map: '287,199,301,198,292,196,283,193,270,187,260,180,250,172,251,177,255,182,261,187,272,193,280,196' },
      { _id: 5, map: '56,211,62,205,69,199,76,193,87,185,97,181,101,190,101,197,115,199,109,205,102,210,89,216,76,218,69,221,62,225,55,229,47,218' },
      { _id: 5, map: '346,211,340,205,333,199,326,193,315,185,305,181,301,190,301,197,287,199,293,205,300,210,313,216,326,218,333,221,340,225,347,229,355,218' },
      { _id: 6, map: '154,167,156,173,159,181,165,189,171,192,181,192,192,187,200,181,200,153,194,149,184,146,175,146,168,151,162,156,157,161,154,165' },
      { _id: 6, map: '248,167,246,173,243,181,237,189,231,192,221,192,210,187,202,181,202,153,208,149,218,146,227,146,234,151,240,156,245,161,248,165' },
      { _id: 7, map: '159,180,162,185,164,188,167,190,171,192,171,197,173,201,176,203,174,207,175,211,178,214,174,218,174,224,177,229,176,232,175,242,177,252,179,258,171,252,166,250,164,250,164,245,164,237,165,230,165,225,164,216,162,206,159,199' },
      { _id: 7, map: '243,180,240,185,238,188,235,190,231,192,231,197,229,201,226,203,228,207,227,211,224,214,228,218,228,224,225,229,226,232,227,242,225,252,223,258,231,252,236,250,238,250,238,245,238,237,237,230,237,225,238,216,240,206,243,199' },
      { _id: 8, map: '171,192,171,196,172,200,176,203,174,206,175,211,178,214,174,218,174,224,177,229,176,230,175,243,177,253,179,258,188,264,200,267,200,180,197,183,193,186,187,189,181,192,176,192' },
      { _id: 8, map: '231,192,231,196,230,200,226,203,228,206,227,211,224,214,228,218,228,224,225,229,226,230,227,243,225,253,223,258,214,264,202,267,202,180,205,183,209,186,215,189,221,192,226,192' },
      { _id: 10, map: '152,172,154,166,159,180,159,199,154,187,151,177,151,174' },
      { _id: 10, map: '250,172,248,166,243,180,243,199,248,187,251,177,251,174' },
      { _id: 13, map: '150,357,152,372,156,368,157,359,159,353,161,353,162,357,162,366,165,373,168,378,172,379,177,377,182,372,184,364,185,358,188,348,190,341,193,332,196,322,199,307,199,304,195,299,190,288,185,275,181,266,176,260,172,257,166,254,163,254,162,258,161,263,160,270,157,282,153,291,151,297,148,313,147,322,147,331,149,348' },
      { _id: 13, map: '252,357,250,372,246,368,245,359,243,353,241,353,240,357,240,366,237,373,234,378,230,379,225,377,220,372,218,364,217,358,214,348,212,341,209,332,206,322,203,307,203,304,207,299,212,288,217,275,221,266,226,260,230,257,236,254,239,254,240,258,241,263,242,270,245,282,249,291,251,297,254,313,255,322,255,331,253,348' },
      { _id: 14, map: '149,393,145,403,142,413,141,422,142,431,143,438,145,448,148,458,152,468,153,464,151,455,149,445,148,436,148,425,149,415,150,405,151,397' },
      { _id: 14, map: '253,393,257,403,260,413,261,422,260,431,259,438,257,448,254,458,250,468,249,464,251,455,253,445,254,436,254,425,253,415,252,405,251,397' },
      { _id: 15, map: '174,398,169,406,165,416,162,427,160,440,160,451,161,465,166,451,170,445,173,438,175,426,176,420,175,412,174,404' },
      { _id: 15, map: '228,398,233,406,237,416,240,427,242,440,242,451,241,465,236,451,232,445,229,438,227,426,226,420,227,412,228,404' },
    ]
  },
  {
    _id: 19,
    front: [
      { _id: 0, map: '184,113,188,118,194,122,200,123,200,151,194,147,184,144' },
      { _id: 0, map: '218,113,214,118,208,122,202,123,202,151,208,147,218,144' },
      { _id: 1, map: '160,135,167,137,172,140,175,144,184,144,184,122,179,125,175,127,169,130,165,132' },
      { _id: 1, map: '242,135,235,137,230,140,227,144,218,144,218,122,223,125,227,127,233,130,237,132' },
      { _id: 2, map: '130,157,135,149,138,145,143,140,148,137,154,135,160,135,167,137,172,140,175,144,167,147,161,151,157,155,154,160,153,165,151,168,147,165,142,163,136,162,130,162' },
      { _id: 2, map: '272,157,267,149,264,145,259,140,254,137,248,135,242,135,235,137,230,140,227,144,235,147,241,151,245,155,248,160,249,165,251,168,255,165,260,163,266,162,272,162' },
      { _id: 3, map: '121,169,115,174,106,179,99,183,100,186,101,191,101,196,106,195,117,192,128,188,140,180,147,173,151,168,147,165,143,163,136,162,130,162' },
      { _id: 3, map: '281,169,287,174,296,179,303,183,302,186,301,191,301,196,296,195,285,192,274,188,262,180,255,173,251,168,255,165,259,163,266,162,272,162' },
      { _id: 4, map: '99,183,98,179,107,175,116,169,123,163,130,157,130,162,120,170,114,175' },
      { _id: 4, map: '303,183,304,179,295,175,286,169,279,163,272,157,272,162,282,170,288,175' },
      { _id: 4, map: '116,198,101,196,110,194,120,191,131,186,141,179,151,168,151,177,146,182,140,187,131,192,122,196' },
      { _id: 4, map: '286,198,301,196,292,194,282,191,271,186,261,179,251,168,251,177,256,182,262,187,271,192,280,196' },
      { _id: 5, map: '56,210,62,204,69,198,76,192,87,184,98,179,100,185,101,189,101,196,116,198,109,205,102,210,91,215,77,218,69,221,62,224,54,229,46,218' },
      { _id: 5, map: '346,210,340,204,333,198,326,192,315,184,304,179,302,185,301,189,301,196,286,198,293,205,300,210,311,215,325,218,333,221,340,224,348,229,356,218' },
      { _id: 6, map: '153,165,155,172,159,180,165,188,171,191,181,191,192,186,200,180,200,151,194,147,184,144,175,144,167,147,162,150,156,156,154,160' },
      { _id: 6, map: '249,165,247,172,243,180,237,188,231,191,221,191,210,186,202,180,202,151,208,147,218,144,227,144,235,147,240,150,246,156,248,160' },
      { _id: 7, map: '158,178,161,183,164,187,168,190,171,191,171,195,172,199,176,203,175,209,180,215,177,218,177,222,181,228,178,232,177,239,177,247,179,255,175,253,170,251,166,250,164,250,164,245,163,238,164,230,165,225,164,218,162,206,160,201,158,198' },
      { _id: 7, map: '244,178,241,183,238,187,234,190,231,191,231,195,230,199,226,203,227,209,222,215,225,218,225,222,221,228,224,232,225,239,225,247,223,255,227,253,232,251,236,250,238,250,238,245,239,238,238,230,237,225,238,218,240,206,242,201,244,198' },
      { _id: 8, map: '171,191,171,195,172,199,176,203,175,209,180,215,177,218,177,222,181,228,178,232,177,239,177,247,179,255,189,263,200,266,200,179,197,182,193,185,187,188,181,191,176,191' },
      { _id: 8, map: '231,191,231,195,230,199,226,203,227,209,222,215,225,218,225,222,221,228,224,232,225,239,225,247,223,255,213,263,202,266,202,179,205,182,209,185,215,188,221,191,226,191' },
      { _id: 10, map: '151,168,153,165,158,178,158,197,152,182,151,177' },
      { _id: 10, map: '251,168,249,165,244,178,244,197,250,182,251,177' },
      { _id: 13, map: '150,360,152,369,156,366,157,354,159,350,161,351,162,357,162,366,165,373,168,378,172,379,177,377,182,372,184,364,185,358,188,348,190,341,193,332,196,322,199,307,199,304,195,299,190,288,187,275,182,266,177,260,172,256,167,253,164,252,162,256,161,262,160,270,157,281,153,290,151,297,147,316,147,324,147,333,149,350' },
      { _id: 13, map: '252,360,250,369,246,366,245,354,243,350,241,351,240,357,240,366,237,373,234,378,230,379,225,377,220,372,218,364,217,358,214,348,212,341,209,332,206,322,203,307,203,304,207,299,212,288,215,275,220,266,225,260,230,256,235,253,238,252,240,256,241,262,242,270,245,281,249,290,251,297,255,316,255,324,255,333,253,350' },
      { _id: 14, map: '149,393,145,403,142,413,141,422,142,431,143,438,145,448,148,458,152,468,153,464,151,455,149,445,148,436,148,425,149,415,150,405,151,397' },
      { _id: 14, map: '253,393,257,403,260,413,261,422,260,431,259,438,257,448,254,458,250,468,249,464,251,455,253,445,254,436,254,425,253,415,252,405,251,397' },
      { _id: 15, map: '174,396,169,405,165,415,162,427,160,440,160,451,161,465,166,451,170,445,173,438,175,426,176,420,175,412,174,404' },
      { _id: 15, map: '228,396,233,405,237,415,240,427,242,440,242,451,241,465,236,451,232,445,229,438,227,426,226,420,227,412,228,404' },
    ]
  },
  {
    _id: 20,
    front: [
      { _id: 0, map: '184,112,188,117,194,121,200,122,200,149,194,145,184,142' },
      { _id: 0, map: '218,112,214,117,208,121,202,122,202,149,208,145,218,142' },
      { _id: 1, map: '160,134,166,136,171,139,175,142,184,142,184,120,179,123,174,126,169,129,164,132' },
      { _id: 1, map: '242,134,236,136,231,139,227,142,218,142,218,120,223,123,228,126,233,129,238,132' },
      { _id: 2, map: '127,163,129,156,133,149,136,145,141,140,146,137,151,135,160,134,164,135,170,138,175,142,167,146,161,151,157,155,154,160,152,165,151,168,147,165,142,163,136,162,131,162' },
      { _id: 2, map: '275,163,273,156,269,149,266,145,261,140,256,137,251,135,242,134,238,135,232,138,227,142,235,146,241,151,245,155,248,160,250,165,251,168,255,165,260,163,266,162,271,162' },
      { _id: 3, map: '120,169,114,174,105,179,99,182,100,186,101,191,101,196,106,195,117,192,128,188,140,180,147,174,151,168,147,165,143,163,136,162,130,162' },
      { _id: 3, map: '282,169,288,174,297,179,303,182,302,186,301,191,301,196,296,195,285,192,274,188,262,180,255,174,251,168,255,165,259,163,266,162,272,162' },
      { _id: 4, map: '99,182,98,178,105,175,114,169,122,163,128,159,128,162,130,162,119,170,111,176' },
      { _id: 4, map: '303,182,304,178,297,175,288,169,280,163,274,159,274,162,272,162,283,170,291,176' },
      { _id: 4, map: '116,197,100,196,110,194,120,191,131,186,141,179,151,169,150,177,146,181,140,186,131,191,122,195' },
      { _id: 4, map: '286,197,302,196,292,194,282,191,271,186,261,179,251,169,252,177,256,181,262,186,271,191,280,195' },
      { _id: 5, map: '49,215,56,209,61,204,69,197,77,189,87,183,98,178,100,184,101,188,101,196,107,196,116,197,111,203,102,209,92,214,75,218,69,220,62,223,57,226,53,229,49,224,45,218' },
      { _id: 5, map: '353,215,346,209,341,204,333,197,325,189,315,183,304,178,302,184,301,188,301,196,295,196,286,197,291,203,300,209,310,214,327,218,333,220,340,223,345,226,349,229,353,224,357,218' },
      { _id: 6, map: '152,166,153,170,159,181,165,188,171,190,181,190,192,185,200,179,200,149,194,145,184,142,175,142,168,145,163,149,156,156,153,161' },
      { _id: 6, map: '250,166,249,170,243,181,237,188,231,190,221,190,210,185,202,179,202,149,208,145,218,142,227,142,234,145,239,149,246,156,249,161' },
      { _id: 7, map: '157,177,159,180,161,183,164,187,168,189,171,190,171,195,174,200,176,202,175,208,178,213,178,215,176,219,176,224,178,227,177,230,176,239,177,248,180,257,175,254,170,251,166,250,163,251,164,245,163,238,164,230,164,224,164,218,162,206,160,201,157,196,157,187' },
      { _id: 7, map: '245,177,243,180,241,183,238,187,234,189,231,190,231,195,228,200,226,202,227,208,224,213,224,215,226,219,226,224,224,227,225,230,226,239,225,248,222,257,227,254,232,251,236,250,239,251,238,245,239,238,238,230,238,224,238,218,240,206,242,201,245,196,245,187' },
      { _id: 8, map: '171,190,171,195,173,199,176,202,175,205,175,208,177,211,178,214,176,219,176,224,178,227,177,230,176,239,177,249,180,258,189,264,200,266,200,178,196,182,192,185,185,188,180,190,176,190' },
      { _id: 8, map: '231,190,231,195,229,199,226,202,227,205,227,208,225,211,224,214,226,219,226,224,224,227,225,230,226,239,225,249,222,258,213,264,202,266,202,178,206,182,210,185,217,188,222,190,226,190' },
      { _id: 10, map: '151,169,151,165,157,177,157,195,152,186,151,177,150,176' },
      { _id: 10, map: '251,169,251,165,245,177,245,195,250,186,251,177,252,176' },
      { _id: 13, map: '150,360,152,369,156,366,157,354,159,350,161,351,162,357,162,366,165,373,168,378,172,379,177,377,182,372,184,365,185,359,187,352,190,342,193,333,196,322,199,307,199,302,195,298,190,287,187,275,181,265,177,260,174,258,168,254,164,253,162,256,161,262,159,272,157,281,153,290,150,299,147,314,147,324,147,337,149,353' },
      { _id: 13, map: '252,360,250,369,246,366,245,354,243,350,241,351,240,357,240,366,237,373,234,378,230,379,225,377,220,372,218,365,217,359,215,352,212,342,209,333,206,322,203,307,203,302,207,298,212,287,215,275,221,265,225,260,228,258,234,254,238,253,240,256,241,262,243,272,245,281,249,290,252,299,255,314,255,324,255,337,253,353' },
      { _id: 14, map: '149,393,145,403,142,413,141,422,142,431,143,438,145,448,148,458,152,468,153,464,151,455,149,445,148,436,148,425,149,415,150,405,151,397' },
      { _id: 14, map: '253,393,257,403,260,413,261,422,260,431,259,438,257,448,254,458,250,468,249,464,251,455,253,445,254,436,254,425,253,415,252,405,251,397' },
      { _id: 15, map: '174,396,169,405,165,415,162,427,160,440,160,451,161,465,166,451,170,445,173,438,176,427,176,421,175,412,174,404' },
      { _id: 15, map: '228,396,233,405,237,415,240,427,242,440,242,451,241,465,236,451,232,445,229,438,226,427,226,421,227,412,228,404' },
    ]
  },
  {
    _id: 21,
    front: [
      { _id: 0, map: '184,112,188,116,194,120,200,121,200,148,194,144,184,141' },
      { _id: 0, map: '218,112,214,116,208,120,202,121,202,148,208,144,218,141' },
      { _id: 1, map: '160,133,166,135,172,138,175,141,184,141,184,119,179,122,175,124,169,127,164,130' },
      { _id: 1, map: '242,133,236,135,230,138,227,141,218,141,218,119,223,122,227,124,233,127,238,130' },
      { _id: 2, map: '127,162,128,156,132,149,136,144,141,139,146,136,151,134,160,133,167,135,171,137,175,141,167,144,160,149,156,154,153,159,152,165,151,168,147,164,142,162,136,161,131,161' },
      { _id: 2, map: '275,162,274,156,270,149,266,144,261,139,256,136,251,134,242,133,235,135,231,137,227,141,235,144,242,149,246,154,249,159,250,165,251,168,255,164,260,162,266,161,271,161' },
      { _id: 3, map: '120,167,114,172,106,177,98,182,100,185,100,190,100,195,106,194,117,191,128,187,140,179,147,173,151,168,147,164,143,162,136,161,129,161' },
      { _id: 3, map: '282,167,288,172,296,177,304,182,302,185,302,190,302,195,296,194,285,191,274,187,262,179,255,173,251,168,255,164,259,162,266,161,273,161' },
      { _id: 4, map: '98,182,98,177,106,173,114,167,122,161,128,156,128,160,127,163,119,168,111,174' },
      { _id: 4, map: '304,182,304,177,296,173,288,167,280,161,274,156,274,160,275,163,283,168,291,174' },
      { _id: 4, map: '115,197,100,195,110,193,120,190,130,185,140,179,151,168,149,177,146,180,142,184,132,190,123,194' },
      { _id: 4, map: '287,197,302,195,292,193,282,190,272,185,262,179,251,168,253,177,256,180,260,184,270,190,279,194' },
      { _id: 5, map: '49,214,54,209,61,203,66,198,77,188,86,182,98,177,98,182,100,185,100,195,107,196,116,197,111,202,103,208,94,213,77,217,69,219,63,222,57,225,53,228,49,223,45,217' },
      { _id: 5, map: '353,214,348,209,341,203,336,198,325,188,316,182,304,177,304,182,302,185,302,195,295,196,286,197,291,202,299,208,308,213,325,217,333,219,339,222,345,225,349,228,353,223,357,217' },
      { _id: 6, map: '152,165,153,169,159,180,165,187,171,189,181,189,192,184,200,178,200,148,194,144,184,141,175,141,167,144,160,149,154,156,152,160' },
      { _id: 6, map: '250,165,249,169,243,180,237,187,231,189,221,189,210,184,202,178,202,148,208,144,218,141,227,141,235,144,242,149,248,156,250,160' },
      { _id: 7, map: '156,174,159,179,161,182,164,186,170,189,171,193,174,199,177,201,175,204,176,209,178,212,175,215,175,222,177,227,176,230,176,237,177,244,178,250,180,257,174,254,170,252,166,250,163,249,164,245,163,238,163,232,164,225,164,218,162,208,160,202,158,198,156,194,156,186,156,180' },
      { _id: 7, map: '246,174,243,179,241,182,238,186,232,189,231,193,228,199,225,201,227,204,226,209,224,212,227,215,227,222,225,227,226,230,226,237,225,244,224,250,222,257,228,254,232,252,236,250,239,249,238,245,239,238,239,232,238,225,238,218,240,208,242,202,244,198,246,194,246,186,246,180' },
      { _id: 8, map: '170,189,171,194,173,198,177,201,175,204,176,208,178,212,175,215,175,221,177,226,176,230,176,239,178,250,180,257,186,262,193,264,200,265,200,178,195,182,190,185,183,188,178,189,172,189' },
      { _id: 8, map: '232,189,231,194,229,198,225,201,227,204,226,208,224,212,227,215,227,221,225,226,226,230,226,239,224,250,222,257,216,262,209,264,202,265,202,178,207,182,212,185,219,188,224,189,230,189' },
      { _id: 10, map: '151,170,151,168,151,165,156,174,156,178,156,184,156,188,156,194,152,186,150,177,149,176' },
      { _id: 10, map: '251,170,251,168,251,165,246,174,246,178,246,184,246,188,246,194,250,186,252,177,253,176' },
      { _id: 13, map: '150,362,152,371,156,366,157,354,159,350,161,351,162,357,162,366,165,373,168,378,172,379,177,377,182,372,184,365,185,359,187,352,190,342,193,333,196,322,199,307,199,302,195,298,190,287,186,275,181,265,176,260,172,257,166,253,163,253,162,256,161,262,159,271,157,279,153,288,150,297,147,312,146,321,146,329,147,344,149,356' },
      { _id: 13, map: '252,362,250,371,246,366,245,354,243,350,241,351,240,357,240,366,237,373,234,378,230,379,225,377,220,372,218,365,217,359,215,352,212,342,209,333,206,322,203,307,203,302,207,298,212,287,216,275,221,265,226,260,230,257,236,253,239,253,240,256,241,262,243,271,245,279,249,288,252,297,255,312,256,321,256,329,255,344,253,356' },
      { _id: 14, map: '148,393,144,403,141,413,140,422,141,431,142,438,144,448,147,458,151,468,152,464,150,455,148,445,147,436,147,425,148,415,149,405,150,397' },
      { _id: 14, map: '254,393,258,403,261,413,262,422,261,431,260,438,258,448,255,458,251,468,250,464,252,455,254,445,255,436,255,425,254,415,253,405,252,397' },
      { _id: 15, map: '174,396,169,405,165,415,162,427,160,440,160,451,161,465,166,451,170,445,173,438,176,427,176,421,175,412,174,406' },
      { _id: 15, map: '228,396,233,405,237,415,240,427,242,440,242,451,241,465,236,451,232,445,229,438,226,427,226,421,227,412,228,406' },
    ]
  },
]
